<?xml version="1.0" encoding="UTF-8" standalone="no" ?>
<LXFML versionMajor="5" versionMinor="0" name="chicken">
  <Meta>
    <Application name="LEGO Digital Designer" versionMajor="4" versionMinor="3"/>
    <Brand name="LDDExtended"/>
    <BrickSet version="2670"/>
  </Meta>
  <Cameras>
    <Camera refID="0" fieldOfView="80" distance="28.706211090087890625" transformation="0.62197339534759521484375,0,-0.7830383777618408203125,-0.26574051380157470703125,0.9406526088714599609375,-0.21107973158359527587890625,0.736567080020904541015625,0.3393709957599639892578125,0.585060894489288330078125,20.291286468505859375,12.27205753326416015625,17.840118408203125"/>
  </Cameras>
  <Bricks cameraRef="0">
    <Brick refID="0" designID="95342">
      <Part refID="0" designID="95342" materials="1">
        <Bone refID="0" transformation="-0.3860814571380615234375,0,-0.92246472835540771484375,0,1,0,0.92246472835540771484375,0,-0.3860814571380615234375,0.399999916553497314453125,0.319996178150177001953125,-1.19999980926513671875">
        </Bone>
      </Part>
    </Brick>
    <Brick refID="1" designID="95342">
      <Part refID="1" designID="95342" materials="1">
        <Bone refID="1" transformation="0.472816050052642822265625,0,-0.881161153316497802734375,0,1,0,0.881161153316497802734375,0,0.472816050052642822265625,-1.2000000476837158203125,0.319999992847442626953125,4.400000095367431640625">
        </Bone>
      </Part>
    </Brick>
    <Brick refID="2" designID="95342">
      <Part refID="2" designID="95342" materials="5">
        <Bone refID="2" transformation="0,0,-1,0,1,0,1,0,0,-3.6000001430511474609375,0.319996178150177001953125,0.400000095367431640625">
        </Bone>
      </Part>
    </Brick>
    <Brick refID="3" designID="73200">
      <Part refID="3" designID="3815" materials="1,0,0" decoration="0,0">
        <Bone refID="3" transformation="0.91773760318756103515625,0,-0.39718735218048095703125,0,1,0,0.3971873819828033447265625,0,0.917737662792205810546875,-1.2198593616485595703125,1.6000001430511474609375,1.20411396026611328125">
        </Bone>
      </Part>
      <Part refID="4" designID="3816" materials="191,0,0,0" decoration="602031,602033,0">
        <Bone refID="4" transformation="0.917737543582916259765625,0,-0.3971873819828033447265625,0,1,0,0.3971873819828033447265625,0,0.917737543582916259765625,-1.21985924243927001953125,0,1.20411396026611328125">
        </Bone>
      </Part>
      <Part refID="5" designID="3817" materials="191,0,0,0" decoration="602032,602034,0">
        <Bone refID="5" transformation="0.917737543582916259765625,0,-0.3971873819828033447265625,0,1,0,0.3971873819828033447265625,0,0.917737543582916259765625,-0.485669434070587158203125,0,0.8863642215728759765625">
        </Bone>
      </Part>
    </Brick>
    <Brick refID="4" designID="11938">
      <Part refID="6" designID="3814" materials="1,0,0" decoration="0,0">
        <Bone refID="6" transformation="0.91773760318756103515625,0,-0.397187292575836181640625,0,1,0,0.3971873819828033447265625,0,0.917737662792205810546875,-1.21985912322998046875,1.6000001430511474609375,1.204113483428955078125">
        </Bone>
      </Part>
      <Part refID="7" designID="11263" materials="1">
        <Bone refID="7" transformation="0.9037950038909912109375,0.1736481189727783203125,-0.39115321636199951171875,0.4269936382770538330078125,-0.3043223321437835693359375,0.851507127285003662109375,0.028826020658016204833984375,-0.936607837677001953125,-0.349191725254058837890625,-0.274589061737060546875,2.5,0.79501056671142578125">
        </Bone>
      </Part>
      <Part refID="8" designID="11263" materials="1">
        <Bone refID="8" transformation="-0.903795063495635986328125,0.17364825308322906494140625,0.391153275966644287109375,-0.4167640209197998046875,-0.56486260890960693359375,-0.712206423282623291015625,0.09727437794208526611328125,-0.806707322597503662109375,0.58289039134979248046875,-1.430938720703125,2.5,1.29546642303466796875">
        </Bone>
      </Part>
    </Brick>
    <Brick refID="5" designID="3626">
      <Part refID="9" designID="3626" materials="24,0,0,0" decoration="54595,0,0">
        <Bone refID="9" transformation="0.85669124126434326171875,0,-0.51582968235015869140625,0,1,0,0.51582968235015869140625,0,0.85669100284576416015625,-0.85276448726654052734375,2.88000011444091796875,1.0452392101287841796875">
        </Bone>
      </Part>
    </Brick>
    <Brick refID="6" designID="11262">
      <Part refID="10" designID="11262" materials="1,21,191,0" decoration="0,0,601870">
        <Bone refID="10" transformation="0.8566911220550537109375,0,-0.515829622745513916015625,0,1,0,0.51582968235015869140625,0,0.85669100284576416015625,-0.85276448726654052734375,3.840000152587890625,1.0452392101287841796875">
        </Bone>
      </Part>
    </Brick>
  </Bricks>
  <RigidSystems>
    <RigidSystem>
      <Rigid refID="0" transformation="-0.3860814571380615234375,0,-0.92246472835540771484375,0,1,0,0.92246472835540771484375,0,-0.3860814571380615234375,0.399999916553497314453125,0.319996178150177001953125,-1.19999980926513671875" boneRefs="0"/>
    </RigidSystem>
    <RigidSystem>
      <Rigid refID="1" transformation="0.472816050052642822265625,0,-0.881161153316497802734375,0,1,0,0.881161153316497802734375,0,0.472816050052642822265625,-1.2000000476837158203125,0.319999992847442626953125,4.400000095367431640625" boneRefs="1"/>
    </RigidSystem>
    <RigidSystem>
      <Rigid refID="2" transformation="0,0,-1,0,1,0,1,0,0,-3.6000001430511474609375,0.319996178150177001953125,0.400000095367431640625" boneRefs="2"/>
    </RigidSystem>
    <RigidSystem>
      <Rigid refID="3" transformation="0.91773760318756103515625,0,-0.39718735218048095703125,0,1,0,0.3971873819828033447265625,0,0.917737662792205810546875,-1.2198593616485595703125,1.6000001430511474609375,1.20411396026611328125" boneRefs="3,6,9,10"/>
      <Rigid refID="4" transformation="0.917737543582916259765625,0,-0.3971873819828033447265625,0,1,0,0.3971873819828033447265625,0,0.917737543582916259765625,-1.21985924243927001953125,0,1.20411396026611328125" boneRefs="4"/>
      <Rigid refID="5" transformation="0.917737543582916259765625,0,-0.3971873819828033447265625,0,1,0,0.3971873819828033447265625,0,0.917737543582916259765625,-0.485669434070587158203125,0,0.8863642215728759765625" boneRefs="5"/>
      <Rigid refID="6" transformation="0.9037950038909912109375,0.1736481189727783203125,-0.39115321636199951171875,0.4269936382770538330078125,-0.3043223321437835693359375,0.851507127285003662109375,0.028826020658016204833984375,-0.936607837677001953125,-0.349191725254058837890625,-0.274589061737060546875,2.5,0.79501056671142578125" boneRefs="7"/>
      <Rigid refID="7" transformation="-0.903795063495635986328125,0.17364825308322906494140625,0.391153275966644287109375,-0.4167640209197998046875,-0.56486260890960693359375,-0.712206423282623291015625,0.09727437794208526611328125,-0.806707322597503662109375,0.58289039134979248046875,-1.430938720703125,2.5,1.29546642303466796875" boneRefs="8"/>
      <Joint type="hinge">
        <RigidRef rigidRef="4" a="1,0,0" z="0,1,0" t="0.22550000250339508056640625,1.125,0"/>
        <RigidRef rigidRef="3" a="1,0,0" z="0,1,0" t="0.22550000250339508056640625,-0.4749999940395355224609375,0"/>
      </Joint>
      <Joint type="hinge">
        <RigidRef rigidRef="7" a="1,0,0" z="0,1,0" t="-0.1500000059604644775390625,0,0"/>
        <RigidRef rigidRef="3" a="-0.98325502872467041015625,0.1822353899478912353515625,0" z="0.1822353899478912353515625,0.98325502872467041015625,0" t="-0.072511613368988037109375,0.882664978504180908203125,0"/>
      </Joint>
      <Joint type="hinge">
        <RigidRef rigidRef="6" a="1,0,0" z="0,1,0" t="-0.1500000059604644775390625,0,0"/>
        <RigidRef rigidRef="3" a="0.98325502872467041015625,0.1822353899478912353515625,0" z="0.1822353899478912353515625,-0.98325502872467041015625,0" t="0.872512400150299072265625,0.882664978504180908203125,0"/>
      </Joint>
      <Joint type="hinge">
        <RigidRef rigidRef="5" a="-1,0,0" z="0,1,0" t="-0.2249999940395355224609375,1.125,0"/>
        <RigidRef rigidRef="3" a="-1,0,0" z="0,1,0" t="0.574999988079071044921875,-0.4749999940395355224609375,0"/>
      </Joint>
    </RigidSystem>
  </RigidSystems>
  <GroupSystems>
    <GroupSystem>
    </GroupSystem>
  </GroupSystems>
  <BuildingInstructions>
  </BuildingInstructions>
</LXFML>
