<?xml version="1.0" encoding="UTF-8" standalone="no" ?>
<LXFML versionMajor="5" versionMinor="0" name="chicken">
  <Meta>
    <Application name="LEGO Digital Designer" versionMajor="4" versionMinor="3"/>
    <Brand name="LDDExtended"/>
    <BrickSet version="2670"/>
  </Meta>
  <Cameras>
    <Camera refID="0" fieldOfView="80" distance="52.78218841552734375" transformation="0.770682036876678466796875,0,-0.6372196674346923828125,-0.2248665988445281982421875,0.9356658458709716796875,-0.271963775157928466796875,0.59622478485107421875,0.352887094020843505859375,0.721100866794586181640625,31.47003173828125,18.626148223876953125,38.06127166748046875"/>
  </Cameras>
  <Bricks cameraRef="0">
    <Brick refID="0" designID="95342">
      <Part refID="0" designID="95342" materials="1">
        <Bone refID="0" transformation="-0.3860814571380615234375,0,-0.92246472835540771484375,0,1,0,0.92246472835540771484375,0,-0.3860814571380615234375,0.399999916553497314453125,0.319996178150177001953125,-1.19999980926513671875">
        </Bone>
      </Part>
    </Brick>
    <Brick refID="1" designID="95342">
      <Part refID="1" designID="95342" materials="1">
        <Bone refID="1" transformation="0.472816050052642822265625,0,-0.881161153316497802734375,0,1,0,0.881161153316497802734375,0,0.472816050052642822265625,-1.2000000476837158203125,0.319999992847442626953125,4.400000095367431640625">
        </Bone>
      </Part>
    </Brick>
    <Brick refID="2" designID="95342">
      <Part refID="2" designID="95342" materials="5">
        <Bone refID="2" transformation="0,0,-1,0,1,0,1,0,0,-3.6000001430511474609375,0.319996178150177001953125,0.400000095367431640625">
        </Bone>
      </Part>
    </Brick>
    <Brick refID="3" designID="11262">
      <Part refID="3" designID="11262" materials="1,21,21,0" decoration="0,0,601870">
        <Bone refID="3" transformation="0.85669052600860595703125,0,-0.5158293247222900390625,0,1,0,0.5158293247222900390625,0,0.85669052600860595703125,-0.85276448726654052734375,3.840000152587890625,1.0452392101287841796875">
        </Bone>
      </Part>
    </Brick>
    <Brick refID="4" designID="3626">
      <Part refID="4" designID="3626" materials="24,0,0,0" decoration="54595,0,0">
        <Bone refID="4" transformation="0.85669052600860595703125,0,-0.5158293247222900390625,0,1,0,0.5158293247222900390625,0,0.85669052600860595703125,-0.85276448726654052734375,2.88000011444091796875,1.0452392101287841796875">
        </Bone>
      </Part>
    </Brick>
    <Brick refID="5" designID="24319">
      <Part refID="5" designID="3814" materials="1,0,0" decoration="0,0">
        <Bone refID="5" transformation="0.91773736476898193359375,0,-0.3971873223781585693359375,0,1,0,0.397187292575836181640625,0,0.91773736476898193359375,-1.21985948085784912109375,1.6000001430511474609375,1.2041141986846923828125">
        </Bone>
      </Part>
      <Part refID="6" designID="24074" materials="1">
        <Bone refID="6" transformation="0.9023697376251220703125,0.18223549425601959228515625,-0.390536367893218994140625,0.397187292575836181640625,0,0.917737305164337158203125,0.16724433004856109619140625,-0.983254909515380859375,-0.07238163053989410400390625,-0.2837669849395751953125,2.5100002288818359375,0.7989828586578369140625">
        </Bone>
      </Part>
      <Part refID="7" designID="24074" materials="1">
        <Bone refID="7" transformation="-0.902369797229766845703125,0.1822355091571807861328125,0.3905363976955413818359375,-0.397187292575836181640625,0,-0.917737305164337158203125,-0.1672443449497222900390625,-0.983254909515380859375,0.072381637990474700927734375,-1.42176187038421630859375,2.5100002288818359375,1.29149532318115234375">
        </Bone>
      </Part>
    </Brick>
    <Brick refID="6" designID="73200">
      <Part refID="8" designID="3815" materials="1,0,0" decoration="0,0">
        <Bone refID="8" transformation="0.91773736476898193359375,0,-0.3971873223781585693359375,0,1,0,0.397187292575836181640625,0,0.91773736476898193359375,-1.2198593616485595703125,1.6000001430511474609375,1.20411407947540283203125">
        </Bone>
      </Part>
      <Part refID="9" designID="3816" materials="24,0,0,0" decoration="606689,0,0">
        <Bone refID="9" transformation="0.917737305164337158203125,0,-0.397187292575836181640625,0,1,0,0.397187292575836181640625,0,0.917737305164337158203125,-1.21985924243927001953125,0,1.20411396026611328125">
        </Bone>
      </Part>
      <Part refID="10" designID="3817" materials="24,0,0,0" decoration="606690,0,0">
        <Bone refID="10" transformation="0.917737305164337158203125,0,-0.397187292575836181640625,0,1,0,0.397187292575836181640625,0,0.917737305164337158203125,-0.485669434070587158203125,0,0.8863642215728759765625">
        </Bone>
      </Part>
    </Brick>
  </Bricks>
  <RigidSystems>
    <RigidSystem>
      <Rigid refID="0" transformation="-0.3860814571380615234375,0,-0.92246472835540771484375,0,1,0,0.92246472835540771484375,0,-0.3860814571380615234375,0.399999916553497314453125,0.319996178150177001953125,-1.19999980926513671875" boneRefs="0"/>
    </RigidSystem>
    <RigidSystem>
      <Rigid refID="1" transformation="0.472816050052642822265625,0,-0.881161153316497802734375,0,1,0,0.881161153316497802734375,0,0.472816050052642822265625,-1.2000000476837158203125,0.319999992847442626953125,4.400000095367431640625" boneRefs="1"/>
    </RigidSystem>
    <RigidSystem>
      <Rigid refID="2" transformation="0,0,-1,0,1,0,1,0,0,-3.6000001430511474609375,0.319996178150177001953125,0.400000095367431640625" boneRefs="2"/>
    </RigidSystem>
    <RigidSystem>
      <Rigid refID="3" transformation="0.85669052600860595703125,0,-0.5158293247222900390625,0,1,0,0.5158293247222900390625,0,0.85669052600860595703125,-0.85276448726654052734375,3.840000152587890625,1.0452392101287841796875" boneRefs="3,4,5,8"/>
      <Rigid refID="4" transformation="0.9023697376251220703125,0.18223549425601959228515625,-0.390536367893218994140625,0.397187292575836181640625,0,0.917737305164337158203125,0.16724433004856109619140625,-0.983254909515380859375,-0.07238163053989410400390625,-0.2837669849395751953125,2.5100002288818359375,0.7989828586578369140625" boneRefs="6"/>
      <Rigid refID="5" transformation="0.917737305164337158203125,0,-0.397187292575836181640625,0,1,0,0.397187292575836181640625,0,0.917737305164337158203125,-1.21985924243927001953125,0,1.20411396026611328125" boneRefs="9"/>
      <Rigid refID="6" transformation="-0.902369797229766845703125,0.1822355091571807861328125,0.3905363976955413818359375,-0.397187292575836181640625,0,-0.917737305164337158203125,-0.1672443449497222900390625,-0.983254909515380859375,0.072381637990474700927734375,-1.42176187038421630859375,2.5100002288818359375,1.29149532318115234375" boneRefs="7"/>
      <Rigid refID="7" transformation="0.917737305164337158203125,0,-0.397187292575836181640625,0,1,0,0.397187292575836181640625,0,0.917737305164337158203125,-0.485669434070587158203125,0,0.8863642215728759765625" boneRefs="10"/>
      <Joint type="hinge">
        <RigidRef rigidRef="4" a="1,0,0" z="0,1,0" t="-0.1500000059604644775390625,0,0"/>
        <RigidRef rigidRef="3" a="0.97450268268585205078125,0.18223528563976287841796875,0.1309001147747039794921875" z="0.180613338947296142578125,-0.98325502872467041015625,0.02426089532673358917236328125" t="0.4683061540126800537109375,-1.35733509063720703125,0.062905251979827880859375"/>
      </Joint>
      <Joint type="hinge">
        <RigidRef rigidRef="5" a="1,0,0" z="0,1,0" t="0.22550000250339508056640625,1.125,0"/>
        <RigidRef rigidRef="3" a="0.991098701953887939453125,0,0.13312931358814239501953125" z="0,1,0" t="-0.1729466617107391357421875,-2.7149999141693115234375,-0.023231081664562225341796875"/>
      </Joint>
      <Joint type="hinge">
        <RigidRef rigidRef="7" a="-1,0,0" z="0,1,0" t="-0.2249999940395355224609375,1.125,0"/>
        <RigidRef rigidRef="3" a="-0.991098701953887939453125,0,-0.13312937319278717041015625" z="0,1,0" t="0.1734425127506256103515625,-2.7149999141693115234375,0.0232976563274860382080078125"/>
      </Joint>
      <Joint type="hinge">
        <RigidRef rigidRef="6" a="1,0,0" z="0,1,0" t="-0.1500000059604644775390625,0,0"/>
        <RigidRef rigidRef="3" a="-0.97450268268585205078125,0.18223528563976287841796875,-0.1309001147747039794921875" z="0.180613338947296142578125,0.98325502872467041015625,0.02426089532673358917236328125" t="-0.468306362628936767578125,-1.35733509063720703125,-0.062905251979827880859375"/>
      </Joint>
    </RigidSystem>
  </RigidSystems>
  <GroupSystems>
    <GroupSystem>
    </GroupSystem>
  </GroupSystems>
  <BuildingInstructions>
  </BuildingInstructions>
</LXFML>
