<?xml version="1.0" encoding="UTF-8" standalone="no" ?>
<LXFML versionMajor="5" versionMinor="0" name="chicken">
  <Meta>
    <Application name="LEGO Digital Designer" versionMajor="4" versionMinor="3"/>
    <Brand name="LDDExtended"/>
    <BrickSet version="2670"/>
  </Meta>
  <Cameras>
    <Camera refID="0" fieldOfView="80" distance="28.706211090087890625" transformation="0.62197339534759521484375,0,-0.7830383777618408203125,-0.26574051380157470703125,0.9406526088714599609375,-0.21107973158359527587890625,0.736567080020904541015625,0.3393709957599639892578125,0.585060894489288330078125,20.291286468505859375,12.27205753326416015625,17.840118408203125"/>
  </Cameras>
  <Bricks cameraRef="0">
    <Brick refID="0" designID="95342">
      <Part refID="0" designID="95342" materials="1">
        <Bone refID="0" transformation="-0.3860814571380615234375,0,-0.92246472835540771484375,0,1,0,0.92246472835540771484375,0,-0.3860814571380615234375,0.399999916553497314453125,0.319996178150177001953125,-1.19999980926513671875">
        </Bone>
      </Part>
    </Brick>
    <Brick refID="1" designID="95342">
      <Part refID="1" designID="95342" materials="1">
        <Bone refID="1" transformation="0.472816050052642822265625,0,-0.881161153316497802734375,0,1,0,0.881161153316497802734375,0,0.472816050052642822265625,-1.2000000476837158203125,0.319999992847442626953125,4.400000095367431640625">
        </Bone>
      </Part>
    </Brick>
    <Brick refID="2" designID="95342">
      <Part refID="2" designID="95342" materials="5">
        <Bone refID="2" transformation="0,0,-1,0,1,0,1,0,0,-3.6000001430511474609375,0.319996178150177001953125,0.400000095367431640625">
        </Bone>
      </Part>
    </Brick>
    <Brick refID="3" designID="73200">
      <Part refID="3" designID="3816" materials="191,0,0,0" decoration="606689,602033,0">
        <Bone refID="3" transformation="0.917737543582916259765625,0,-0.3971873819828033447265625,0,1,0,0.3971873819828033447265625,0,0.917737543582916259765625,-1.21985924243927001953125,0,1.20411396026611328125">
        </Bone>
      </Part>
      <Part refID="4" designID="3817" materials="191,0,0,0" decoration="606690,602034,0">
        <Bone refID="4" transformation="0.917737543582916259765625,0,-0.3971873819828033447265625,0,1,0,0.3971873819828033447265625,0,0.917737543582916259765625,-0.485669434070587158203125,0,0.8863642215728759765625">
        </Bone>
      </Part>
      <Part refID="5" designID="3815" materials="1,0,0" decoration="0,0">
        <Bone refID="5" transformation="0.9177377223968505859375,0,-0.397187411785125732421875,0,1,0,0.3971873223781585693359375,0,0.917737543582916259765625,-1.2198593616485595703125,1.6000001430511474609375,1.20411396026611328125">
        </Bone>
      </Part>
    </Brick>
    <Brick refID="4" designID="11938">
      <Part refID="6" designID="11263" materials="1">
        <Bone refID="6" transformation="0.9037952423095703125,0.17364816367626190185546875,-0.3911533057689666748046875,0.4269936382770538330078125,-0.3043223321437835693359375,0.851507127285003662109375,0.028826020658016204833984375,-0.936607837677001953125,-0.349191725254058837890625,-0.274589061737060546875,2.5,0.79501056671142578125">
        </Bone>
      </Part>
      <Part refID="7" designID="11263" materials="1">
        <Bone refID="7" transformation="-0.903795182704925537109375,0.1736482679843902587890625,0.3911533355712890625,-0.4167640209197998046875,-0.56486260890960693359375,-0.712206423282623291015625,0.097274363040924072265625,-0.806707203388214111328125,0.582890331745147705078125,-1.430938720703125,2.5,1.29546642303466796875">
        </Bone>
      </Part>
      <Part refID="8" designID="3814" materials="1,0,0" decoration="0,0">
        <Bone refID="8" transformation="0.9177377223968505859375,0,-0.39718735218048095703125,0,1,0,0.3971873223781585693359375,0,0.917737543582916259765625,-1.21985912322998046875,1.6000001430511474609375,1.204113483428955078125">
        </Bone>
      </Part>
    </Brick>
    <Brick refID="5" designID="11262">
      <Part refID="9" designID="11262" materials="1,21,191,0" decoration="0,0,601870">
        <Bone refID="9" transformation="0.85669124126434326171875,0,-0.515829741954803466796875,0,1,0,0.515829741954803466796875,0,0.85669124126434326171875,-0.85276448726654052734375,3.840000152587890625,1.0452392101287841796875">
        </Bone>
      </Part>
    </Brick>
    <Brick refID="6" designID="3626">
      <Part refID="10" designID="3626" materials="24,0,0,0" decoration="54595,0,0">
        <Bone refID="10" transformation="0.85669124126434326171875,0,-0.51582968235015869140625,0,1,0,0.515829741954803466796875,0,0.85669124126434326171875,-0.85276448726654052734375,2.88000011444091796875,1.0452392101287841796875">
        </Bone>
      </Part>
    </Brick>
  </Bricks>
  <RigidSystems>
    <RigidSystem>
      <Rigid refID="0" transformation="-0.3860814571380615234375,0,-0.92246472835540771484375,0,1,0,0.92246472835540771484375,0,-0.3860814571380615234375,0.399999916553497314453125,0.319996178150177001953125,-1.19999980926513671875" boneRefs="0"/>
    </RigidSystem>
    <RigidSystem>
      <Rigid refID="1" transformation="0.472816050052642822265625,0,-0.881161153316497802734375,0,1,0,0.881161153316497802734375,0,0.472816050052642822265625,-1.2000000476837158203125,0.319999992847442626953125,4.400000095367431640625" boneRefs="1"/>
    </RigidSystem>
    <RigidSystem>
      <Rigid refID="2" transformation="0,0,-1,0,1,0,1,0,0,-3.6000001430511474609375,0.319996178150177001953125,0.400000095367431640625" boneRefs="2"/>
    </RigidSystem>
    <RigidSystem>
      <Rigid refID="3" transformation="0.917737543582916259765625,0,-0.3971873819828033447265625,0,1,0,0.3971873819828033447265625,0,0.917737543582916259765625,-1.21985924243927001953125,0,1.20411396026611328125" boneRefs="3"/>
      <Rigid refID="4" transformation="0.9037952423095703125,0.17364816367626190185546875,-0.3911533057689666748046875,0.4269936382770538330078125,-0.3043223321437835693359375,0.851507127285003662109375,0.028826020658016204833984375,-0.936607837677001953125,-0.349191725254058837890625,-0.274589061737060546875,2.5,0.79501056671142578125" boneRefs="6"/>
      <Rigid refID="5" transformation="0.917737543582916259765625,0,-0.3971873819828033447265625,0,1,0,0.3971873819828033447265625,0,0.917737543582916259765625,-0.485669434070587158203125,0,0.8863642215728759765625" boneRefs="4"/>
      <Rigid refID="6" transformation="-0.903795182704925537109375,0.1736482679843902587890625,0.3911533355712890625,-0.4167640209197998046875,-0.56486260890960693359375,-0.712206423282623291015625,0.097274363040924072265625,-0.806707203388214111328125,0.582890331745147705078125,-1.430938720703125,2.5,1.29546642303466796875" boneRefs="7"/>
      <Rigid refID="7" transformation="0.85669124126434326171875,0,-0.515829741954803466796875,0,1,0,0.515829741954803466796875,0,0.85669124126434326171875,-0.85276448726654052734375,3.840000152587890625,1.0452392101287841796875" boneRefs="9,10,5,8"/>
      <Joint type="hinge">
        <RigidRef rigidRef="7" a="0.991098701953887939453125,0,0.1331293582916259765625" z="0,1,0" t="-0.17294640839099884033203125,-2.7149999141693115234375,-0.023231208324432373046875"/>
        <RigidRef rigidRef="3" a="1,0,0" z="0,1,0" t="0.22550000250339508056640625,1.125,0"/>
      </Joint>
      <Joint type="hinge">
        <RigidRef rigidRef="7" a="0.974502623081207275390625,0.18223536014556884765625,0.130900204181671142578125" z="0.18061326444149017333984375,-0.98325502872467041015625,0.0242609046399593353271484375" t="0.4683068096637725830078125,-1.35733509063720703125,0.06290490925312042236328125"/>
        <RigidRef rigidRef="4" a="1,0,0" z="0,1,0" t="-0.1500000059604644775390625,0,0"/>
      </Joint>
      <Joint type="hinge">
        <RigidRef rigidRef="7" a="-0.991098701953887939453125,0,-0.133129417896270751953125" z="0,1,0" t="0.1734425723552703857421875,-2.7149999141693115234375,0.0232975184917449951171875"/>
        <RigidRef rigidRef="5" a="-1,0,0" z="0,1,0" t="-0.2249999940395355224609375,1.125,0"/>
      </Joint>
      <Joint type="hinge">
        <RigidRef rigidRef="7" a="-0.974502623081207275390625,0.18223536014556884765625,-0.130900204181671142578125" z="0.18061326444149017333984375,0.98325502872467041015625,0.0242609046399593353271484375" t="-0.468305289745330810546875,-1.35733509063720703125,-0.062905631959438323974609375"/>
        <RigidRef rigidRef="6" a="1,0,0" z="0,1,0" t="-0.1500000059604644775390625,0,0"/>
      </Joint>
    </RigidSystem>
  </RigidSystems>
  <GroupSystems>
    <GroupSystem>
    </GroupSystem>
  </GroupSystems>
  <BuildingInstructions>
  </BuildingInstructions>
</LXFML>
