<?xml version="1.0" encoding="UTF-8" standalone="no" ?>
<LXFML versionMajor="5" versionMinor="0" name="color308">
  <Meta>
    <Application name="LEGO Digital Designer" versionMajor="4" versionMinor="3"/>
    <Brand name="LDDExtended"/>
    <BrickSet version="2670"/>
  </Meta>
  <Cameras>
    <Camera refID="0" fieldOfView="80" distance="69.28204345703125" transformation="0.7071068286895751953125,0,-0.7071068286895751953125,-0.4082482159137725830078125,0.81649684906005859375,-0.4082482159137725830078125,0.5773503780364990234375,0.577350139617919921875,0.5773503780364990234375,40.00000762939453125,40,40.00000762939453125"/>
  </Cameras>
  <Bricks cameraRef="0">
    <Brick refID="0" designID="3024">
      <Part refID="0" designID="3024" materials="21">
        <Bone refID="0" transformation="0,0,1,0,1,0,-1,0,0,0.4000000059604644775390625,0,0.4000000059604644775390625">
        </Bone>
      </Part>
    </Brick>
    <Brick refID="1" designID="26139">
      <Part refID="1" designID="26139" materials="192">
        <Bone refID="1" transformation="1,0,0,0,1,0,0,0,1,-1.54179859161376953125,3.85964870452880859375,-0.186252593994140625">
        </Bone>
      </Part>
    </Brick>
    <Brick refID="2" designID="3626">
      <Part refID="2" designID="3626" materials="283,0,0,0" decoration="56518,0,0">
        <Bone refID="2" transformation="1,0,0,0,1,0,0,0,1,-1.54179859161376953125,2.8996486663818359375,-0.186252593994140625">
        </Bone>
      </Part>
    </Brick>
    <Brick refID="3" designID="76382">
      <Part refID="3" designID="3814" materials="140,0,0" decoration="613102,0">
        <Bone refID="3" transformation="0.77554285526275634765625,0,-0.631294906139373779296875,0,1,0,0.631295144557952880859375,0,0.775542676448822021484375,-1.85201549530029296875,1.6196486949920654296875,0.066265106201171875">
        </Bone>
      </Part>
      <Part refID="4" designID="3818" materials="140,0" decoration="0">
        <Bone refID="4" transformation="0.76255619525909423828125,-0.1822353303432464599609375,-0.620724022388458251953125,0.645179331302642822265625,0.2846105992794036865234375,0.70904195308685302734375,0.047452144324779510498046875,-0.94116270542144775390625,0.3346060812473297119140625,-2.02263545989990234375,2.5296478271484375,0.205150604248046875">
        </Bone>
      </Part>
      <Part refID="5" designID="3819" materials="140,0" decoration="0">
        <Bone refID="5" transformation="0.7625563144683837890625,0.182235181331634521484375,-0.620723903179168701171875,0.6312949657440185546875,0,0.775542795658111572265625,0.141331195831298828125,-0.98325502872467041015625,-0.115044184029102325439453125,-1.060962677001953125,2.5296478271484375,-0.577655792236328125">
        </Bone>
      </Part>
      <Part refID="6" designID="3820" materials="283">
        <Bone refID="6" transformation="0.768157482147216796875,-0.179744720458984375,-0.614512920379638671875,0.638500273227691650390625,0.2861900627613067626953125,0.7144317626953125,0.047452144324779510498046875,-0.94116270542144775390625,0.3346060812473297119140625,-2.33278751373291015625,1.8447437286376953125,0.3635234832763671875">
        </Bone>
      </Part>
      <Part refID="7" designID="3820" materials="283">
        <Bone refID="7" transformation="0.757018387317657470703125,0.1822282373905181884765625,-0.627468049526214599609375,0.6379253864288330078125,0.00159026740584522485733032226562,0.77009665966033935546875,0.141331195831298828125,-0.98325502872467041015625,-0.115044169127941131591796875,-0.98271942138671875,1.896470546722412109375,-1.0057353973388671875">
        </Bone>
      </Part>
    </Brick>
    <Brick refID="4" designID="21019">
      <Part refID="8" designID="3815" materials="308,0,0" decoration="600073,0">
        <Bone refID="8" transformation="0.77554285526275634765625,0,-0.631295025348663330078125,0,1,0,0.6312949657440185546875,0,0.775542795658111572265625,-1.85201549530029296875,1.6196486949920654296875,0.066265106201171875">
        </Bone>
      </Part>
      <Part refID="9" designID="20460" materials="308,192" decoration="0">
        <Bone refID="9" transformation="0.77554285526275634765625,0,-0.63129508495330810546875,0,1,0,0.63129508495330810546875,0,0.77554285526275634765625,-1.2315807342529296875,0.019648611545562744140625,-0.438770294189453125">
        </Bone>
      </Part>
      <Part refID="10" designID="20461" materials="308,192" decoration="0">
        <Bone refID="10" transformation="0.775542795658111572265625,0,-0.63129508495330810546875,0.029260702431201934814453125,0.99892532825469970703125,0.035946585237979888916015625,0.630616605281829833984375,-0.046350248157978057861328125,0.774709284305572509765625,-1.8849334716796875,0.020857632160186767578125,0.02582550048828125">
        </Bone>
      </Part>
    </Brick>
  </Bricks>
  <RigidSystems>
    <RigidSystem>
      <Rigid refID="0" transformation="0,0,1,0,1,0,-1,0,0,0.4000000059604644775390625,0,0.4000000059604644775390625" boneRefs="0"/>
    </RigidSystem>
    <RigidSystem>
      <Rigid refID="1" transformation="1,0,0,0,1,0,0,0,1,-1.54179859161376953125,3.85964870452880859375,-0.186252593994140625" boneRefs="1,2,3,8"/>
      <Rigid refID="2" transformation="0.76255619525909423828125,-0.1822353303432464599609375,-0.620724022388458251953125,0.645179331302642822265625,0.2846105992794036865234375,0.70904195308685302734375,0.047452144324779510498046875,-0.94116270542144775390625,0.3346060812473297119140625,-2.02263545989990234375,2.5296478271484375,0.205150604248046875" boneRefs="4"/>
      <Rigid refID="3" transformation="0.7625563144683837890625,0.182235181331634521484375,-0.620723903179168701171875,0.6312949657440185546875,0,0.775542795658111572265625,0.141331195831298828125,-0.98325502872467041015625,-0.115044184029102325439453125,-1.060962677001953125,2.5296478271484375,-0.577655792236328125" boneRefs="5"/>
      <Rigid refID="4" transformation="0.768157482147216796875,-0.179744720458984375,-0.614512920379638671875,0.638500273227691650390625,0.2861900627613067626953125,0.7144317626953125,0.047452144324779510498046875,-0.94116270542144775390625,0.3346060812473297119140625,-2.33278751373291015625,1.8447437286376953125,0.3635234832763671875" boneRefs="6"/>
      <Rigid refID="5" transformation="0.757018387317657470703125,0.1822282373905181884765625,-0.627468049526214599609375,0.6379253864288330078125,0.00159026740584522485733032226562,0.77009665966033935546875,0.141331195831298828125,-0.98325502872467041015625,-0.115044169127941131591796875,-0.98271942138671875,1.896470546722412109375,-1.0057353973388671875" boneRefs="7"/>
      <Rigid refID="6" transformation="0.77554285526275634765625,0,-0.63129508495330810546875,0,1,0,0.63129508495330810546875,0,0.77554285526275634765625,-1.2315807342529296875,0.019648611545562744140625,-0.438770294189453125" boneRefs="9"/>
      <Rigid refID="7" transformation="0.775542795658111572265625,0,-0.63129508495330810546875,0.029260702431201934814453125,0.99892532825469970703125,0.035946585237979888916015625,0.630616605281829833984375,-0.046350248157978057861328125,0.774709284305572509765625,-1.8849334716796875,0.020857632160186767578125,0.02582550048828125" boneRefs="10"/>
      <Joint type="hinge">
        <RigidRef rigidRef="6" a="-1,0,0" z="0,1,0" t="-0.2249999940395355224609375,1.125,0"/>
        <RigidRef rigidRef="1" a="-0.77554285526275634765625,0,0.631295025348663330078125" z="0,1,0" t="0.1357202231884002685546875,-2.7149999141693115234375,-0.1104769408702850341796875"/>
      </Joint>
      <Joint type="hinge">
        <RigidRef rigidRef="3" a="1,0,0" z="0,1,0" t="-0.1500000059604644775390625,0,0"/>
        <RigidRef rigidRef="1" a="0.7625563144683837890625,0.18223537504673004150390625,-0.62072384357452392578125" z="0.14133135974407196044921875,-0.98325502872467041015625,-0.11504428088665008544921875" t="0.36645352840423583984375,-1.35733509063720703125,-0.29829466342926025390625"/>
      </Joint>
      <Joint type="hinge">
        <RigidRef rigidRef="2" a="-1,0,0" z="0,1,0" t="0.1500000059604644775390625,0,0"/>
        <RigidRef rigidRef="1" a="-0.7625563144683837890625,0.18223537504673004150390625,0.62072384357452392578125" z="0.14133135974407196044921875,0.98325502872467041015625,-0.11504428088665008544921875" t="-0.36645305156707763671875,-1.35733509063720703125,0.2982941567897796630859375"/>
      </Joint>
      <Joint type="hinge">
        <RigidRef rigidRef="7" a="1,0,0" z="0,1,0" t="0.22550000250339508056640625,1.125,0"/>
        <RigidRef rigidRef="1" a="0.775542795658111572265625,0,-0.63129508495330810546875" z="0,1,0" t="-0.13533198833465576171875,-2.7149999141693115234375,0.11016066372394561767578125"/>
      </Joint>
      <Joint type="hinge">
        <RigidRef rigidRef="4" a="0,0,1" z="0,1,0" t="0,0,0.0500000007450580596923828125"/>
        <RigidRef rigidRef="2" a="0,0,1" z="0,1,0" t="-0.20999999344348907470703125,-0.2827430069446563720703125,0.732878983020782470703125"/>
      </Joint>
      <Joint type="hinge">
        <RigidRef rigidRef="5" a="0,0,1" z="0,1,0" t="0,0,0.0500000007450580596923828125"/>
        <RigidRef rigidRef="3" a="0,0,1" z="0,1,0" t="0.20999999344348907470703125,-0.2826029956340789794921875,0.732878983020782470703125"/>
      </Joint>
    </RigidSystem>
  </RigidSystems>
  <GroupSystems>
    <GroupSystem>
    </GroupSystem>
  </GroupSystems>
  <BuildingInstructions>
  </BuildingInstructions>
</LXFML>
