<?xml version="1.0" encoding="UTF-8" standalone="no" ?>
<LXFML versionMajor="5" versionMinor="0" name="min">
  <Meta>
    <Application name="LEGO Digital Designer" versionMajor="4" versionMinor="3"/>
    <Brand name="LDDExtended"/>
    <BrickSet version="2670"/>
  </Meta>
  <Cameras>
    <Camera refID="0" fieldOfView="80" distance="48.282833099365234375" transformation="0.95890963077545166015625,0,-0.2837118804454803466796875,-0.126924693584442138671875,0.89434814453125,-0.4289891421794891357421875,0.253737151622772216796875,0.4473718106746673583984375,0.85759890079498291015625,12.2511386871337890625,21.60037994384765625,41.40729522705078125"/>
  </Cameras>
  <Bricks cameraRef="0">
    <Brick refID="0" designID="15533">
      <Part refID="0" designID="15533" materials="321">
        <Bone refID="0" transformation="-1,0,0,0,1,0,0,0,-1,-0.399999797344207763671875,0,-2.8000004291534423828125">
        </Bone>
      </Part>
    </Brick>
    <Brick refID="1" designID="64230">
      <Part refID="1" designID="64230" materials="37,26" decoration="0">
        <Bone refID="1" transformation="0,1,0,-0.080334998667240142822265625,0,0.996767938137054443359375,0.996767938137054443359375,0,0.080334998667240142822265625,-2.799999713897705078125,0.959999978542327880859375,-2.8000004291534423828125">
        </Bone>
        <Bone refID="2" transformation="-0.005416476167738437652587890625,0.999891817569732666015625,0.01367581821978092193603515625,-0.08222858607769012451171875,-0.01407505758106708526611328125,0.9965140819549560546875,0.996598780155181884765625,0.00427305139601230621337890625,0.082295931875705718994140625,-2.799999713897705078125,1.87000000476837158203125,-2.8000004291534423828125">
        </Bone>
        <Bone refID="3" transformation="0.029201544821262359619140625,0.99870765209197998046875,0.041596136987209320068359375,-0.085822887718677520751953125,-0.0389551557600498199462890625,0.995548546314239501953125,0.99588239192962646484375,-0.03264145553112030029296875,0.0845744311809539794921875,-2.8016922473907470703125,2.1824662685394287109375,-2.795726776123046875">
        </Bone>
        <Bone refID="4" transformation="0.102569587528705596923828125,0.9911327362060546875,0.084470964968204498291015625,-0.0923505127429962158203125,-0.07506389915943145751953125,0.992893159389495849609375,0.9904296398162841796875,-0.109641574323177337646484375,0.083832345902919769287109375,-2.792566776275634765625,2.4945623874664306640625,-2.7827279567718505859375">
        </Bone>
        <Bone refID="5" transformation="0.21179981529712677001953125,0.966862380504608154296875,0.14254130423069000244140625,-0.104405798017978668212890625,-0.1226310431957244873046875,0.986945331096649169921875,0.971720278263092041015625,-0.2239169776439666748046875,0.074972808361053466796875,-2.760513782501220703125,2.804291248321533203125,-2.7563307285308837890625">
        </Bone>
        <Bone refID="6" transformation="0.3498913943767547607421875,0.91198956966400146484375,0.21412865817546844482421875,-0.12594509124755859375,-0.1807065904140472412109375,0.97543990612030029296875,0.928285419940948486328125,-0.36826646327972412109375,0.05163292586803436279296875,-2.6943264007568359375,3.1064357757568359375,-2.7117865085601806640625">
        </Bone>
        <Bone refID="7" transformation="0.503850996494293212890625,0.812049210071563720703125,0.294466078281402587890625,-0.16182397305965423583984375,-0.24612598121166229248046875,0.95563328266143798828125,0.84849703311920166015625,-0.52914845943450927734375,0.0073982202447950839996337890625,-2.584985256195068359375,3.3914325237274169921875,-2.6448714733123779296875">
        </Bone>
        <Bone refID="8" transformation="0.653569400310516357421875,0.657630264759063720703125,0.3746591508388519287109375,-0.21630521118640899658203125,-0.312073767185211181640625,0.925106465816497802734375,0.725299298763275146484375,-0.6856620311737060546875,-0.0617130212485790252685546875,-2.4275319576263427734375,3.64519786834716796875,-2.5528507232666015625">
        </Bone>
        <Bone refID="9" transformation="0.775537073612213134765625,0.4493800699710845947265625,0.4433958232402801513671875,-0.2910226285457611083984375,-0.368782222270965576171875,0.88278281688690185546875,0.560221493244171142578125,-0.8136689662933349609375,-0.15522451698780059814453125,-2.2232913970947265625,3.850707530975341796875,-2.4357697963714599609375">
        </Bone>
        <Bone refID="10" transformation="0.84818112850189208984375,0.20197963714599609375,0.489686667919158935546875,-0.38280117511749267578125,-0.4052544534206390380859375,0.830200016498565673828125,0.36613118648529052734375,-0.891612589359283447265625,-0.266411125659942626953125,-1.98093616962432861328125,3.9911386966705322265625,-2.2972085475921630859375">
        </Bone>
        <Bone refID="11" transformation="0.860025107860565185546875,-0.0568010397255420684814453125,0.507080256938934326171875,-0.4826233088970184326171875,-0.4131303131580352783203125,0.77226817607879638671875,0.16562460362911224365234375,-0.908898770809173583984375,-0.3827159404754638671875,-1.71587955951690673828125,4.05425739288330078125,-2.1441814899444580078125">
        </Bone>
        <Bone refID="12" transformation="0.81599223613739013671875,-0.2947906553745269775390625,0.4972476065158843994140625,-0.577826201915740966796875,-0.391342937946319580078125,0.716217517852783203125,-0.01653989218175411224365234375,-0.871750652790069580078125,-0.489670574665069580078125,-1.44712162017822265625,4.036507129669189453125,-1.98571884632110595703125">
        </Bone>
        <Bone refID="13" transformation="0.7365138530731201171875,-0.48670661449432373046875,0.4697488844394683837890625,-0.6566689014434814453125,-0.347865521907806396484375,0.669160306453704833984375,-0.16227529942989349365234375,-0.8013153076171875,-0.575812876224517822265625,-1.19212400913238525390625,3.9443848133087158203125,-1.83032906055450439453125">
        </Bone>
        <Bone refID="14" transformation="0.648163259029388427734375,-0.6229193210601806640625,0.4380135238170623779296875,-0.71365773677825927734375,-0.2962274849414825439453125,0.634777009487152099609375,-0.2656632363796234130859375,-0.724030911922454833984375,-0.636555016040802001953125,-0.961963474750518798828125,3.7922890186309814453125,-1.6835324764251708984375">
        </Bone>
        <Bone refID="15" transformation="0.57497727870941162109375,-0.705552756786346435546875,0.4142419993877410888671875,-0.748978674411773681640625,-0.2501301467418670654296875,0.61356818675994873046875,-0.32929027080535888671875,-0.663046181201934814453125,-0.672263085842132568359375,-0.75941240787506103515625,3.59762668609619140625,-1.54665315151214599609375">
        </Bone>
        <Bone refID="16" transformation="0.445912063121795654296875,-0.811166346073150634765625,0.37838017940521240234375,-0.800633251667022705078125,-0.17246653139591217041015625,0.573795855045318603515625,-0.400186002254486083984375,-0.558806240558624267578125,-0.726351678371429443359375,-0.57973194122314453125,3.377141475677490234375,-1.41720235347747802734375">
        </Bone>
        <Bone refID="17" transformation="0.12923061847686767578125,-0.939692556858062744140625,0.316665947437286376953125,-0.883270561695098876953125,0.0360625423491001129150390625,0.4674746692180633544921875,-0.450702250003814697265625,-0.34011375904083251953125,-0.8253424167633056640625,-0.4403844177722930908203125,3.123651981353759765625,-1.29895865917205810546875">
        </Bone>
        <Bone refID="18" transformation="0,-1,0,-0.8757007122039794921875,0,0.4828542768955230712890625,-0.4828542768955230712890625,0,-0.8757007122039794921875,-0.3999998569488525390625,2.829998016357421875,-1.2000005245208740234375">
        </Bone>
        <Bone refID="19" transformation="-0.4828542768955230712890625,0,-0.8757007122039794921875,-0.87570083141326904296875,0,0.4828543365001678466796875,0,1,0,-0.3999998569488525390625,1.919997692108154296875,-1.2000005245208740234375">
        </Bone>
      </Part>
    </Brick>
    <Brick refID="2" designID="3894">
      <Part refID="2" designID="3894" materials="141">
        <Bone refID="20" transformation="0,0,1,0,1,0,-1,0,0,-0.399999797344207763671875,0.9599969387054443359375,-2.8000004291534423828125">
        </Bone>
      </Part>
    </Brick>
    <Brick refID="3" designID="2877">
      <Part refID="3" designID="2877" materials="21">
        <Bone refID="21" transformation="0.94171059131622314453125,0,0.3364240229129791259765625,0,1,0,-0.3364240229129791259765625,0,0.94171059131622314453125,-0.39999926090240478515625,0,1.19999945163726806640625">
        </Bone>
      </Part>
    </Brick>
    <Brick refID="4" designID="92338">
      <Part refID="4" designID="92338" materials="208">
        <Bone refID="22" transformation="0.948374569416046142578125,0,-0.317152500152587890625,0,1,0,0.317152500152587890625,0,0.948374569416046142578125,-0.3999997675418853759765625,2.183272838592529296875,1.1999995708465576171875">
        </Bone>
        <Bone refID="23" transformation="0.8733463287353515625,-0.24870814383029937744140625,-0.4188202917575836181640625,0.206605851650238037109375,0.967788040637969970703125,-0.14387626945972442626953125,0.441112458705902099609375,0.039123080670833587646484375,0.89659869670867919921875,0.2591205537319183349609375,2.183272838592529296875,0.97957861423492431640625">
        </Bone>
        <Bone refID="24" transformation="0.71853435039520263671875,-0.412580549716949462890625,-0.559897899627685546875,0.3102353513240814208984375,0.91064584255218505859375,-0.27290689945220947265625,0.62246477603912353515625,0.0223928652703762054443359375,0.782327353954315185546875,0.715007364749908447265625,2.053447246551513671875,0.760954380035400390625">
        </Bone>
        <Bone refID="25" transformation="0.5086514949798583984375,-0.4764572679996490478515625,-0.717120707035064697265625,0.3086661398410797119140625,0.878467023372650146484375,-0.36472034454345703125,0.803740561008453369140625,-0.035835333168506622314453125,0.593899786472320556640625,1.09008228778839111328125,1.8380801677703857421875,0.46868765354156494140625">
        </Bone>
        <Bone refID="26" transformation="0.2751956284046173095703125,-0.4305226802825927734375,-0.8596031665802001953125,0.22471971809864044189453125,0.89816367626190185546875,-0.3778929412364959716796875,0.934755802154541015625,-0.08917529881000518798828125,0.3439176380634307861328125,1.35559844970703125,1.5893695354461669921875,0.09435062110424041748046875">
        </Bone>
        <Bone refID="27" transformation="0.052597098052501678466796875,-0.2708058059215545654296875,-0.961196005344390869140625,0.1031575500965118408203125,0.95885241031646728515625,-0.2645007073879241943359375,0.993273437023162841796875,-0.085242651402950286865234375,0.0783685147762298583984375,1.49925053119659423828125,1.3646366596221923828125,-0.3543622791767120361328125">
        </Bone>
        <Bone refID="28" transformation="-0.13925255835056304931640625,0,-0.99025690555572509765625,0,1,0,0.99025690555572509765625,0,-0.13925255835056304931640625,1.526706218719482421875,1.22327601909637451171875,-0.85610663890838623046875">
        </Bone>
        <Bone refID="29" transformation="-0.13925255835056304931640625,0,-0.99025690555572509765625,0,1,0,0.99025690555572509765625,0,-0.13925255835056304931640625,1.4299256801605224609375,1.22327601909637451171875,-1.5443351268768310546875">
        </Bone>
      </Part>
    </Brick>
    <Brick refID="5" designID="15533">
      <Part refID="5" designID="15533" materials="24">
        <Bone refID="30" transformation="0.3364240229129791259765625,0,-0.94171059131622314453125,0,1,0,0.94171059131622314453125,0,0.3364240229129791259765625,0.622508108615875244140625,0,0.71577012538909912109375">
        </Bone>
      </Part>
    </Brick>
  </Bricks>
  <RigidSystems>
    <RigidSystem>
      <Rigid refID="0" transformation="-1,0,0,0,1,0,0,0,-1,-0.399999797344207763671875,0,-2.8000004291534423828125" boneRefs="0"/>
      <Rigid refID="1" transformation="0,1,0,-0.080334998667240142822265625,0,0.996767938137054443359375,0.996767938137054443359375,0,0.080334998667240142822265625,-2.799999713897705078125,0.959999978542327880859375,-2.8000004291534423828125" boneRefs="1"/>
      <Rigid refID="2" transformation="-0.005416476167738437652587890625,0.999891817569732666015625,0.01367581821978092193603515625,-0.08222858607769012451171875,-0.01407505758106708526611328125,0.9965140819549560546875,0.996598780155181884765625,0.00427305139601230621337890625,0.082295931875705718994140625,-2.799999713897705078125,1.87000000476837158203125,-2.8000004291534423828125" boneRefs="2"/>
      <Rigid refID="3" transformation="0.029201544821262359619140625,0.99870765209197998046875,0.041596136987209320068359375,-0.085822887718677520751953125,-0.0389551557600498199462890625,0.995548546314239501953125,0.99588239192962646484375,-0.03264145553112030029296875,0.0845744311809539794921875,-2.8016922473907470703125,2.1824662685394287109375,-2.795726776123046875" boneRefs="3"/>
      <Rigid refID="4" transformation="0.102569587528705596923828125,0.9911327362060546875,0.084470964968204498291015625,-0.0923505127429962158203125,-0.07506389915943145751953125,0.992893159389495849609375,0.9904296398162841796875,-0.109641574323177337646484375,0.083832345902919769287109375,-2.792566776275634765625,2.4945623874664306640625,-2.7827279567718505859375" boneRefs="4"/>
      <Rigid refID="5" transformation="0.21179981529712677001953125,0.966862380504608154296875,0.14254130423069000244140625,-0.104405798017978668212890625,-0.1226310431957244873046875,0.986945331096649169921875,0.971720278263092041015625,-0.2239169776439666748046875,0.074972808361053466796875,-2.760513782501220703125,2.804291248321533203125,-2.7563307285308837890625" boneRefs="5"/>
      <Rigid refID="6" transformation="0.3498913943767547607421875,0.91198956966400146484375,0.21412865817546844482421875,-0.12594509124755859375,-0.1807065904140472412109375,0.97543990612030029296875,0.928285419940948486328125,-0.36826646327972412109375,0.05163292586803436279296875,-2.6943264007568359375,3.1064357757568359375,-2.7117865085601806640625" boneRefs="6"/>
      <Rigid refID="7" transformation="0.503850996494293212890625,0.812049210071563720703125,0.294466078281402587890625,-0.16182397305965423583984375,-0.24612598121166229248046875,0.95563328266143798828125,0.84849703311920166015625,-0.52914845943450927734375,0.0073982202447950839996337890625,-2.584985256195068359375,3.3914325237274169921875,-2.6448714733123779296875" boneRefs="7"/>
      <Rigid refID="8" transformation="0.653569400310516357421875,0.657630264759063720703125,0.3746591508388519287109375,-0.21630521118640899658203125,-0.312073767185211181640625,0.925106465816497802734375,0.725299298763275146484375,-0.6856620311737060546875,-0.0617130212485790252685546875,-2.4275319576263427734375,3.64519786834716796875,-2.5528507232666015625" boneRefs="8"/>
      <Rigid refID="9" transformation="0.775537073612213134765625,0.4493800699710845947265625,0.4433958232402801513671875,-0.2910226285457611083984375,-0.368782222270965576171875,0.88278281688690185546875,0.560221493244171142578125,-0.8136689662933349609375,-0.15522451698780059814453125,-2.2232913970947265625,3.850707530975341796875,-2.4357697963714599609375" boneRefs="9"/>
      <Rigid refID="10" transformation="0.84818112850189208984375,0.20197963714599609375,0.489686667919158935546875,-0.38280117511749267578125,-0.4052544534206390380859375,0.830200016498565673828125,0.36613118648529052734375,-0.891612589359283447265625,-0.266411125659942626953125,-1.98093616962432861328125,3.9911386966705322265625,-2.2972085475921630859375" boneRefs="10"/>
      <Rigid refID="11" transformation="0.860025107860565185546875,-0.0568010397255420684814453125,0.507080256938934326171875,-0.4826233088970184326171875,-0.4131303131580352783203125,0.77226817607879638671875,0.16562460362911224365234375,-0.908898770809173583984375,-0.3827159404754638671875,-1.71587955951690673828125,4.05425739288330078125,-2.1441814899444580078125" boneRefs="11"/>
      <Rigid refID="12" transformation="0.81599223613739013671875,-0.2947906553745269775390625,0.4972476065158843994140625,-0.577826201915740966796875,-0.391342937946319580078125,0.716217517852783203125,-0.01653989218175411224365234375,-0.871750652790069580078125,-0.489670574665069580078125,-1.44712162017822265625,4.036507129669189453125,-1.98571884632110595703125" boneRefs="12"/>
      <Rigid refID="13" transformation="0.7365138530731201171875,-0.48670661449432373046875,0.4697488844394683837890625,-0.6566689014434814453125,-0.347865521907806396484375,0.669160306453704833984375,-0.16227529942989349365234375,-0.8013153076171875,-0.575812876224517822265625,-1.19212400913238525390625,3.9443848133087158203125,-1.83032906055450439453125" boneRefs="13"/>
      <Rigid refID="14" transformation="0.648163259029388427734375,-0.6229193210601806640625,0.4380135238170623779296875,-0.71365773677825927734375,-0.2962274849414825439453125,0.634777009487152099609375,-0.2656632363796234130859375,-0.724030911922454833984375,-0.636555016040802001953125,-0.961963474750518798828125,3.7922890186309814453125,-1.6835324764251708984375" boneRefs="14"/>
      <Rigid refID="15" transformation="0.57497727870941162109375,-0.705552756786346435546875,0.4142419993877410888671875,-0.748978674411773681640625,-0.2501301467418670654296875,0.61356818675994873046875,-0.32929027080535888671875,-0.663046181201934814453125,-0.672263085842132568359375,-0.75941240787506103515625,3.59762668609619140625,-1.54665315151214599609375" boneRefs="15"/>
      <Rigid refID="16" transformation="0.445912063121795654296875,-0.811166346073150634765625,0.37838017940521240234375,-0.800633251667022705078125,-0.17246653139591217041015625,0.573795855045318603515625,-0.400186002254486083984375,-0.558806240558624267578125,-0.726351678371429443359375,-0.57973194122314453125,3.377141475677490234375,-1.41720235347747802734375" boneRefs="16"/>
      <Rigid refID="17" transformation="0.12923061847686767578125,-0.939692556858062744140625,0.316665947437286376953125,-0.883270561695098876953125,0.0360625423491001129150390625,0.4674746692180633544921875,-0.450702250003814697265625,-0.34011375904083251953125,-0.8253424167633056640625,-0.4403844177722930908203125,3.123651981353759765625,-1.29895865917205810546875" boneRefs="17"/>
      <Rigid refID="18" transformation="0,-1,0,-0.8757007122039794921875,0,0.4828542768955230712890625,-0.4828542768955230712890625,0,-0.8757007122039794921875,-0.3999998569488525390625,2.829998016357421875,-1.2000005245208740234375" boneRefs="18,19"/>
      <Rigid refID="19" transformation="0,0,1,0,1,0,-1,0,0,-0.399999797344207763671875,0.9599969387054443359375,-2.8000004291534423828125" boneRefs="20"/>
      <Rigid refID="20" transformation="0.94171059131622314453125,0,0.3364240229129791259765625,0,1,0,-0.3364240229129791259765625,0,0.94171059131622314453125,-0.39999926090240478515625,0,1.19999945163726806640625" boneRefs="21"/>
      <Rigid refID="21" transformation="0.948374569416046142578125,0,-0.317152500152587890625,0,1,0,0.317152500152587890625,0,0.948374569416046142578125,-0.3999997675418853759765625,2.183272838592529296875,1.1999995708465576171875" boneRefs="22"/>
      <Rigid refID="22" transformation="0.8733463287353515625,-0.24870814383029937744140625,-0.4188202917575836181640625,0.206605851650238037109375,0.967788040637969970703125,-0.14387626945972442626953125,0.441112458705902099609375,0.039123080670833587646484375,0.89659869670867919921875,0.2591205537319183349609375,2.183272838592529296875,0.97957861423492431640625" boneRefs="23"/>
      <Rigid refID="23" transformation="0.71853435039520263671875,-0.412580549716949462890625,-0.559897899627685546875,0.3102353513240814208984375,0.91064584255218505859375,-0.27290689945220947265625,0.62246477603912353515625,0.0223928652703762054443359375,0.782327353954315185546875,0.715007364749908447265625,2.053447246551513671875,0.760954380035400390625" boneRefs="24"/>
      <Rigid refID="24" transformation="0.5086514949798583984375,-0.4764572679996490478515625,-0.717120707035064697265625,0.3086661398410797119140625,0.878467023372650146484375,-0.36472034454345703125,0.803740561008453369140625,-0.035835333168506622314453125,0.593899786472320556640625,1.09008228778839111328125,1.8380801677703857421875,0.46868765354156494140625" boneRefs="25"/>
      <Rigid refID="25" transformation="0.2751956284046173095703125,-0.4305226802825927734375,-0.8596031665802001953125,0.22471971809864044189453125,0.89816367626190185546875,-0.3778929412364959716796875,0.934755802154541015625,-0.08917529881000518798828125,0.3439176380634307861328125,1.35559844970703125,1.5893695354461669921875,0.09435062110424041748046875" boneRefs="26"/>
      <Rigid refID="26" transformation="0.052597098052501678466796875,-0.2708058059215545654296875,-0.961196005344390869140625,0.1031575500965118408203125,0.95885241031646728515625,-0.2645007073879241943359375,0.993273437023162841796875,-0.085242651402950286865234375,0.0783685147762298583984375,1.49925053119659423828125,1.3646366596221923828125,-0.3543622791767120361328125" boneRefs="27"/>
      <Rigid refID="27" transformation="-0.13925255835056304931640625,0,-0.99025690555572509765625,0,1,0,0.99025690555572509765625,0,-0.13925255835056304931640625,1.526706218719482421875,1.22327601909637451171875,-0.85610663890838623046875" boneRefs="28,29"/>
      <Rigid refID="28" transformation="0.3364240229129791259765625,0,-0.94171059131622314453125,0,1,0,0.94171059131622314453125,0,0.3364240229129791259765625,0.622508108615875244140625,0,0.71577012538909912109375" boneRefs="30"/>
      <Joint type="hinge">
        <RigidRef rigidRef="1" a="1,0,0" z="0,0,1" t="0,0,0"/>
        <RigidRef rigidRef="0" a="0,1,0" z="0,0,1" t="2.3999998569488525390625,0.959999978542327880859375,0"/>
      </Joint>
      <Joint type="hinge">
        <RigidRef rigidRef="19" a="0,1,0" z="0,0,1" t="0,0,0"/>
        <RigidRef rigidRef="0" a="0,1,0" z="0,0,1" t="0,0.959999978542327880859375,0"/>
      </Joint>
      <Joint type="ball">
        <RigidRef rigidRef="2" a="-1,0,0" z="0,0,1" t="0,0,0"/>
        <RigidRef rigidRef="1" a="-1,0,0" z="0,0,1" t="0.910000026226043701171875,0,0"/>
      </Joint>
      <Joint type="ball">
        <RigidRef rigidRef="3" a="-1,0,0" z="0,0,1" t="0,0,0"/>
        <RigidRef rigidRef="2" a="-1,0,0" z="0,0,1" t="0.3125,0,0"/>
      </Joint>
      <Joint type="ball">
        <RigidRef rigidRef="4" a="-1,0,0" z="0,0,1" t="0,0,0"/>
        <RigidRef rigidRef="3" a="-1,0,0" z="0,0,1" t="0.3125,0,0"/>
      </Joint>
      <Joint type="ball">
        <RigidRef rigidRef="5" a="-1,0,0" z="0,0,1" t="0,0,0"/>
        <RigidRef rigidRef="4" a="-1,0,0" z="0,0,1" t="0.3125,0,0"/>
      </Joint>
      <Joint type="ball">
        <RigidRef rigidRef="6" a="-1,0,0" z="0,0,1" t="0,0,0"/>
        <RigidRef rigidRef="5" a="-1,0,0" z="0,0,1" t="0.3125,0,0"/>
      </Joint>
      <Joint type="ball">
        <RigidRef rigidRef="7" a="-1,0,0" z="0,0,1" t="0,0,0"/>
        <RigidRef rigidRef="6" a="-1,0,0" z="0,0,1" t="0.3125,0,0"/>
      </Joint>
      <Joint type="ball">
        <RigidRef rigidRef="8" a="-1,0,0" z="0,0,1" t="0,0,0"/>
        <RigidRef rigidRef="7" a="-1,0,0" z="0,0,1" t="0.3125,0,0"/>
      </Joint>
      <Joint type="ball">
        <RigidRef rigidRef="9" a="-1,0,0" z="0,0,1" t="0,0,0"/>
        <RigidRef rigidRef="8" a="-1,0,0" z="0,0,1" t="0.3125,0,0"/>
      </Joint>
      <Joint type="ball">
        <RigidRef rigidRef="10" a="-1,0,0" z="0,0,1" t="0,0,0"/>
        <RigidRef rigidRef="9" a="-1,0,0" z="0,0,1" t="0.3125,0,0"/>
      </Joint>
      <Joint type="ball">
        <RigidRef rigidRef="11" a="-1,0,0" z="0,0,1" t="0,0,0"/>
        <RigidRef rigidRef="10" a="-1,0,0" z="0,0,1" t="0.3125,0,0"/>
      </Joint>
      <Joint type="ball">
        <RigidRef rigidRef="12" a="-1,0,0" z="0,0,1" t="0,0,0"/>
        <RigidRef rigidRef="11" a="-1,0,0" z="0,0,1" t="0.3125,0,0"/>
      </Joint>
      <Joint type="ball">
        <RigidRef rigidRef="13" a="-1,0,0" z="0,0,1" t="0,0,0"/>
        <RigidRef rigidRef="12" a="-1,0,0" z="0,0,1" t="0.3125,0,0"/>
      </Joint>
      <Joint type="ball">
        <RigidRef rigidRef="14" a="-1,0,0" z="0,0,1" t="0,0,0"/>
        <RigidRef rigidRef="13" a="-1,0,0" z="0,0,1" t="0.3125,0,0"/>
      </Joint>
      <Joint type="ball">
        <RigidRef rigidRef="15" a="-1,0,0" z="0,0,1" t="0,0,0"/>
        <RigidRef rigidRef="14" a="-1,0,0" z="0,0,1" t="0.3125,0,0"/>
      </Joint>
      <Joint type="ball">
        <RigidRef rigidRef="16" a="-1,0,0" z="0,0,1" t="0,0,0"/>
        <RigidRef rigidRef="15" a="-1,0,0" z="0,0,1" t="0.3125,0,0"/>
      </Joint>
      <Joint type="ball">
        <RigidRef rigidRef="17" a="-1,0,0" z="0,0,1" t="0,0,0"/>
        <RigidRef rigidRef="16" a="-1,0,0" z="0,0,1" t="0.3125,0,0"/>
      </Joint>
      <Joint type="ball">
        <RigidRef rigidRef="18" a="-1,0,0" z="0,0,1" t="0,0,0"/>
        <RigidRef rigidRef="17" a="-1,0,0" z="0,0,1" t="0.3125,0,0"/>
      </Joint>
      <Joint type="hinge">
        <RigidRef rigidRef="19" a="0,1,0" z="0,0,1" t="1.60000002384185791015625,0.959999978542327880859375,0"/>
        <RigidRef rigidRef="18" a="-1,0,0" z="0,0,1" t="0.910000979900360107421875,0,0"/>
      </Joint>
      <Joint type="hinge">
        <RigidRef rigidRef="21" a="0,1,0" z="1,0,0" t="0,-0.2632760107517242431640625,0"/>
        <RigidRef rigidRef="19" a="0,1,0" z="0,0,1" t="4,0.959999978542327880859375,0"/>
      </Joint>
      <Joint type="hinge">
        <RigidRef rigidRef="19" a="0,1,0" z="0,0,1" t="4,0,0"/>
        <RigidRef rigidRef="20" a="0,1,0" z="0,0,1" t="0,0.959999978542327880859375,0"/>
      </Joint>
      <Joint type="ball">
        <RigidRef rigidRef="22" a="-1,0,0" z="0,0,1" t="0,0,0"/>
        <RigidRef rigidRef="21" a="-1,0,0" z="0,0,1" t="0.694999992847442626953125,0,0"/>
      </Joint>
      <Joint type="ball">
        <RigidRef rigidRef="23" a="-1,0,0" z="0,0,1" t="0,0,0"/>
        <RigidRef rigidRef="22" a="-1,0,0" z="0,0,1" t="0.522000014781951904296875,0,0"/>
      </Joint>
      <Joint type="ball">
        <RigidRef rigidRef="24" a="-1,0,0" z="0,0,1" t="0,0,0"/>
        <RigidRef rigidRef="23" a="-1,0,0" z="0,0,1" t="0.522000014781951904296875,0,0"/>
      </Joint>
      <Joint type="ball">
        <RigidRef rigidRef="25" a="-1,0,0" z="0,0,1" t="0,0,0"/>
        <RigidRef rigidRef="24" a="-1,0,0" z="0,0,1" t="0.522000014781951904296875,0,0"/>
      </Joint>
      <Joint type="ball">
        <RigidRef rigidRef="26" a="-1,0,0" z="0,0,1" t="0,0,0"/>
        <RigidRef rigidRef="25" a="-1,0,0" z="0,0,1" t="0.522000014781951904296875,0,0"/>
      </Joint>
      <Joint type="ball">
        <RigidRef rigidRef="27" a="-1,0,0" z="0,0,1" t="0,0,0"/>
        <RigidRef rigidRef="26" a="-1,0,0" z="0,0,1" t="0.522000014781951904296875,0,0"/>
      </Joint>
      <Joint type="hinge">
        <RigidRef rigidRef="28" a="0,1,0" z="0,0,1" t="2.3999998569488525390625,0.959999978542327880859375,0"/>
        <RigidRef rigidRef="27" a="0,1,0" z="1,0,0" t="0.6949999332427978515625,-0.2632760107517242431640625,0"/>
      </Joint>
    </RigidSystem>
  </RigidSystems>
  <GroupSystems>
    <GroupSystem>
    </GroupSystem>
  </GroupSystems>
  <BuildingInstructions>
  </BuildingInstructions>
</LXFML>
