<?xml version="1.0" encoding="UTF-8" standalone="no" ?>
<LXFML versionMajor="5" versionMinor="0" name="min">
  <Meta>
    <Application name="LEGO Digital Designer" versionMajor="4" versionMinor="3"/>
    <Brand name="LDDExtended"/>
    <BrickSet version="2670"/>
  </Meta>
  <Cameras>
    <Camera refID="0" fieldOfView="80" distance="48.282833099365234375" transformation="0.95890963077545166015625,0,-0.2837118804454803466796875,-0.126924693584442138671875,0.89434814453125,-0.4289891421794891357421875,0.253737151622772216796875,0.4473718106746673583984375,0.85759890079498291015625,12.2511386871337890625,21.60037994384765625,41.40729522705078125"/>
  </Cameras>
  <Bricks cameraRef="0">
    <Brick refID="0" designID="15533">
      <Part refID="0" designID="15533" materials="321">
        <Bone refID="0" transformation="-1,0,0,0,1,0,0,0,-1,-0.399999797344207763671875,0,-2.8000004291534423828125">
        </Bone>
      </Part>
    </Brick>
    <Brick refID="1" designID="64230">
      <Part refID="1" designID="64230" materials="37,26" decoration="0">
        <Bone refID="1" transformation="0,1,0,-0.080334998667240142822265625,0,0.996767938137054443359375,0.996767938137054443359375,0,0.080334998667240142822265625,-2.799999713897705078125,0.959999978542327880859375,-2.8000004291534423828125">
        </Bone>
        <Bone refID="2" transformation="-0.005416476167738437652587890625,0.999891817569732666015625,0.01367581821978092193603515625,-0.08222858607769012451171875,-0.01407505758106708526611328125,0.9965140819549560546875,0.996598780155181884765625,0.00427305139601230621337890625,0.082295931875705718994140625,-2.799999713897705078125,1.87000000476837158203125,-2.8000004291534423828125">
        </Bone>
        <Bone refID="3" transformation="0.029201544821262359619140625,0.99870765209197998046875,0.041596136987209320068359375,-0.085822887718677520751953125,-0.0389551557600498199462890625,0.995548546314239501953125,0.99588239192962646484375,-0.03264145553112030029296875,0.0845744311809539794921875,-2.8016922473907470703125,2.1824662685394287109375,-2.795726776123046875">
        </Bone>
        <Bone refID="4" transformation="0.102569587528705596923828125,0.9911327362060546875,0.084470964968204498291015625,-0.0923505127429962158203125,-0.07506389915943145751953125,0.992893159389495849609375,0.9904296398162841796875,-0.109641574323177337646484375,0.083832345902919769287109375,-2.792566776275634765625,2.4945623874664306640625,-2.7827279567718505859375">
        </Bone>
        <Bone refID="5" transformation="0.21179981529712677001953125,0.966862380504608154296875,0.14254130423069000244140625,-0.104405798017978668212890625,-0.1226310431957244873046875,0.986945331096649169921875,0.971720278263092041015625,-0.2239169776439666748046875,0.074972808361053466796875,-2.760513782501220703125,2.804291248321533203125,-2.7563307285308837890625">
        </Bone>
        <Bone refID="6" transformation="0.3498913943767547607421875,0.91198956966400146484375,0.21412865817546844482421875,-0.12594509124755859375,-0.1807065904140472412109375,0.97543990612030029296875,0.928285419940948486328125,-0.36826646327972412109375,0.05163292586803436279296875,-2.6943264007568359375,3.1064357757568359375,-2.7117865085601806640625">
        </Bone>
        <Bone refID="7" transformation="0.503850996494293212890625,0.812049210071563720703125,0.294466078281402587890625,-0.16182397305965423583984375,-0.24612598121166229248046875,0.95563328266143798828125,0.84849703311920166015625,-0.52914845943450927734375,0.0073982202447950839996337890625,-2.584985256195068359375,3.3914325237274169921875,-2.6448714733123779296875">
        </Bone>
        <Bone refID="8" transformation="0.653569400310516357421875,0.657630264759063720703125,0.3746591508388519287109375,-0.21630521118640899658203125,-0.312073767185211181640625,0.925106465816497802734375,0.725299298763275146484375,-0.6856620311737060546875,-0.0617130212485790252685546875,-2.4275319576263427734375,3.64519786834716796875,-2.5528507232666015625">
        </Bone>
        <Bone refID="9" transformation="0.775537073612213134765625,0.4493800699710845947265625,0.4433958232402801513671875,-0.2910226285457611083984375,-0.368782222270965576171875,0.88278281688690185546875,0.560221493244171142578125,-0.8136689662933349609375,-0.15522451698780059814453125,-2.2232913970947265625,3.850707530975341796875,-2.4357697963714599609375">
        </Bone>
        <Bone refID="10" transformation="0.84818112850189208984375,0.20197963714599609375,0.489686667919158935546875,-0.38280117511749267578125,-0.4052544534206390380859375,0.830200016498565673828125,0.36613118648529052734375,-0.891612589359283447265625,-0.266411125659942626953125,-1.98093616962432861328125,3.9911386966705322265625,-2.2972085475921630859375">
        </Bone>
        <Bone refID="11" transformation="0.860025107860565185546875,-0.0568010397255420684814453125,0.507080256938934326171875,-0.4826233088970184326171875,-0.4131303131580352783203125,0.77226817607879638671875,0.16562460362911224365234375,-0.908898770809173583984375,-0.3827159404754638671875,-1.71587955951690673828125,4.05425739288330078125,-2.1441814899444580078125">
        </Bone>
        <Bone refID="12" transformation="0.81599223613739013671875,-0.2947906553745269775390625,0.4972476065158843994140625,-0.577826201915740966796875,-0.391342937946319580078125,0.716217517852783203125,-0.01653989218175411224365234375,-0.871750652790069580078125,-0.489670574665069580078125,-1.44712162017822265625,4.036507129669189453125,-1.98571884632110595703125">
        </Bone>
        <Bone refID="13" transformation="0.7365138530731201171875,-0.48670661449432373046875,0.4697488844394683837890625,-0.6566689014434814453125,-0.347865521907806396484375,0.669160306453704833984375,-0.16227529942989349365234375,-0.8013153076171875,-0.575812876224517822265625,-1.19212400913238525390625,3.9443848133087158203125,-1.83032906055450439453125">
        </Bone>
        <Bone refID="14" transformation="0.648163259029388427734375,-0.6229193210601806640625,0.4380135238170623779296875,-0.71365773677825927734375,-0.2962274849414825439453125,0.634777009487152099609375,-0.2656632363796234130859375,-0.724030911922454833984375,-0.636555016040802001953125,-0.961963474750518798828125,3.7922890186309814453125,-1.6835324764251708984375">
        </Bone>
        <Bone refID="15" transformation="0.57497727870941162109375,-0.705552756786346435546875,0.4142419993877410888671875,-0.748978674411773681640625,-0.2501301467418670654296875,0.61356818675994873046875,-0.32929027080535888671875,-0.663046181201934814453125,-0.672263085842132568359375,-0.75941240787506103515625,3.59762668609619140625,-1.54665315151214599609375">
        </Bone>
        <Bone refID="16" transformation="0.445912063121795654296875,-0.811166346073150634765625,0.37838017940521240234375,-0.800633251667022705078125,-0.17246653139591217041015625,0.573795855045318603515625,-0.400186002254486083984375,-0.558806240558624267578125,-0.726351678371429443359375,-0.57973194122314453125,3.377141475677490234375,-1.41720235347747802734375">
        </Bone>
        <Bone refID="17" transformation="0.12923061847686767578125,-0.939692556858062744140625,0.316665947437286376953125,-0.883270561695098876953125,0.0360625423491001129150390625,0.4674746692180633544921875,-0.450702250003814697265625,-0.34011375904083251953125,-0.8253424167633056640625,-0.4403844177722930908203125,3.123651981353759765625,-1.29895865917205810546875">
        </Bone>
        <Bone refID="18" transformation="0,-1,0,-0.8757007122039794921875,0,0.4828542768955230712890625,-0.4828542768955230712890625,0,-0.8757007122039794921875,-0.3999998569488525390625,2.829998016357421875,-1.2000005245208740234375">
        </Bone>
        <Bone refID="19" transformation="-0.4828542768955230712890625,0,-0.8757007122039794921875,-0.87570083141326904296875,0,0.4828543365001678466796875,0,1,0,-0.3999998569488525390625,1.919997692108154296875,-1.2000005245208740234375">
        </Bone>
      </Part>
    </Brick>
    <Brick refID="2" designID="3894">
      <Part refID="2" designID="3894" materials="141">
        <Bone refID="20" transformation="0,0,1,0,1,0,-1,0,0,-0.399999797344207763671875,0.9599969387054443359375,-2.8000004291534423828125">
        </Bone>
      </Part>
    </Brick>
    <Brick refID="3" designID="2877">
      <Part refID="3" designID="2877" materials="21">
        <Bone refID="21" transformation="0.94171059131622314453125,0,0.3364240229129791259765625,0,1,0,-0.3364240229129791259765625,0,0.94171059131622314453125,-0.39999926090240478515625,0,1.19999945163726806640625">
        </Bone>
      </Part>
    </Brick>
    <Brick refID="4" designID="92338">
      <Part refID="4" designID="92338" materials="208">
        <Bone refID="22" transformation="-0.3284490108489990234375,0,0.944521725177764892578125,0,1,0,-0.944521725177764892578125,0,-0.3284490108489990234375,-0.3999999463558197021484375,2.183272838592529296875,1.19999992847442626953125">
        </Bone>
        <Bone refID="23" transformation="-0.18878026306629180908203125,-0.6407830715179443359375,0.7441499233245849609375,-0.114451773464679718017578125,0.766967594623565673828125,0.631396472454071044921875,-0.975327014923095703125,0.034025914967060089111328125,-0.2181271016597747802734375,-0.628272235393524169921875,2.183272838592529296875,1.8564436435699462890625">
        </Bone>
        <Bone refID="24" transformation="0.099175967276096343994140625,-0.72526657581329345703125,0.68128740787506103515625,-0.03600619733333587646484375,0.6815989017486572265625,0.73083961009979248046875,-0.99441826343536376953125,-0.097012288868427276611328125,0.0414841361343860626220703125,-0.7268154621124267578125,1.84878385066986083984375,2.2448902130126953125">
        </Bone>
        <Bone refID="25" transformation="0.72630393505096435546875,-0.3971690833568572998046875,0.5610163211822509765625,0.0446204505860805511474609375,0.841694414615631103515625,0.538107335567474365234375,-0.685923874378204345703125,-0.3657967150211334228515625,0.629047870635986328125,-0.6750452518463134765625,1.4701945781707763671875,2.6005227565765380859375">
        </Bone>
        <Bone refID="26" transformation="0.881895959377288818359375,-0.02252191118896007537841796875,-0.4709058105945587158203125,0.3177010118961334228515625,0.766380012035369873046875,0.558325827121734619140625,0.3483182489871978759765625,-0.6419925689697265625,0.683022677898406982421875,-0.2959139645099639892578125,1.262872219085693359375,2.8933732509613037109375">
        </Bone>
        <Bone refID="27" transformation="0.373385846614837646484375,-0.05333267152309417724609375,-0.926141798496246337890625,0.406659603118896484375,0.906721055507659912109375,0.111735679209232330322265625,0.833793103694915771484375,-0.418344974517822265625,0.360245048999786376953125,0.16443617641925811767578125,1.25111567974090576171875,2.6475598812103271484375">
        </Bone>
        <Bone refID="28" transformation="-0.0085963308811187744140625,0,-0.9999630451202392578125,0,1,0,0.9999630451202392578125,0,-0.0085963308811187744140625,0.3593437373638153076171875,1.22327601909637451171875,2.16411304473876953125">
        </Bone>
        <Bone refID="29" transformation="-0.0085963308811187744140625,0,-0.9999630451202392578125,0,1,0,0.9999630451202392578125,0,-0.0085963308811187744140625,0.3533693253993988037109375,1.22327601909637451171875,1.4691388607025146484375">
        </Bone>
      </Part>
    </Brick>
    <Brick refID="5" designID="64230">
      <Part refID="5" designID="64230" materials="191,321" decoration="0">
        <Bone refID="30" transformation="0,1,0,-0.15173284709453582763671875,0,0.98842155933380126953125,0.98842155933380126953125,0,0.15173284709453582763671875,-0.3999997675418853759765625,1.9199969768524169921875,-2.8000004291534423828125">
        </Bone>
        <Bone refID="31" transformation="0.0564927160739898681640625,0.997378826141357421875,0.0452109389007091522216796875,-0.15231187641620635986328125,-0.0361437760293483734130859375,0.987671375274658203125,0.98671662807464599609375,-0.06268240511417388916015625,0.1498707830905914306640625,-0.3999997675418853759765625,2.82999706268310546875,-2.8000004291534423828125">
        </Bone>
        <Bone refID="32" transformation="0.165314853191375732421875,0.97941315174102783203125,0.11584831774234771728515625,-0.15651105344295501708984375,-0.08992303907871246337890625,0.9835741519927978515625,0.973742902278900146484375,-0.1807309687137603759765625,0.13842336833477020263671875,-0.38234579563140869140625,3.1416778564453125,-2.785871982574462890625">
        </Bone>
        <Bone refID="33" transformation="0.3210404217243194580078125,0.923646986484527587890625,0.20930682122707366943359375,-0.17022120952606201171875,-0.16113106906414031982421875,0.972142755985260009765625,0.9316425323486328125,-0.347725570201873779296875,0.105494715273380279541015625,-0.3306849002838134765625,3.4477443695068359375,-2.7496693134307861328125">
        </Bone>
        <Bone refID="34" transformation="0.505620062351226806640625,0.802501857280731201171875,0.3167636096477508544921875,-0.20228682458400726318359375,-0.246647357940673828125,0.9477579593658447265625,0.83870637416839599609375,-0.54328250885009765625,0.0376257002353668212890625,-0.2303597629070281982421875,3.7363841533660888671875,-2.6842610836029052734375">
        </Bone>
        <Bone refID="35" transformation="0.68428456783294677734375,0.5957434177398681640625,0.420528709888458251953125,-0.2626154422760009765625,-0.3366630077362060546875,0.9042627811431884765625,0.680285036563873291015625,-0.729210376739501953125,-0.07392187416553497314453125,-0.07235349714756011962890625,3.987165927886962890625,-2.585272312164306640625">
        </Bone>
        <Bone refID="36" transformation="0.811520040035247802734375,0.307684123516082763671875,0.4967552125453948974609375,-0.356754720211029052734375,-0.4123988449573516845703125,0.838244140148162841796875,0.4627756774425506591796875,-0.8574717044830322265625,-0.22490213811397552490234375,0.14148543775081634521484375,4.173336029052734375,-2.4538571834564208984375">
        </Bone>
        <Bone refID="37" transformation="0.85005033016204833984375,-0.0362733192741870880126953125,0.5254509449005126953125,-0.48289072513580322265625,-0.4520240128040313720703125,0.749993860721588134765625,0.2103116810321807861328125,-0.891267955303192138671875,-0.401759207248687744140625,0.39508545398712158203125,4.269486904144287109375,-2.29862117767333984375">
        </Bone>
        <Bone refID="38" transformation="0.78940546512603759765625,-0.357055962085723876953125,0.499349653720855712890625,-0.61362707614898681640625,-0.4359858036041259765625,0.65831470489501953125,-0.01734582148492336273193359375,-0.82609164714813232421875,-0.56326878070831298828125,0.66072618961334228515625,4.258151531219482421875,-2.1344177722930908203125">
        </Bone>
        <Bone refID="39" transformation="0.656493961811065673828125,-0.618198812007904052734375,0.4322567284107208251953125,-0.7285268306732177734375,-0.37101471424102783203125,0.575844347476959228515625,-0.19561271369457244873046875,-0.692948997020721435546875,-0.69394338130950927734375,0.9074153900146484375,4.146571636199951171875,-1.9783709049224853515625">
        </Bone>
        <Bone refID="40" transformation="0.4904481470584869384765625,-0.80054199695587158203125,0.344373524188995361328125,-0.81238782405853271484375,-0.27696323394775390625,0.513144552707672119140625,-0.315414965152740478515625,-0.531435668468475341796875,-0.786186695098876953125,1.11256968975067138671875,3.9533846378326416015625,-1.84329068660736083984375">
        </Bone>
        <Bone refID="41" transformation="0.32610476016998291015625,-0.91054832935333251953125,0.2540814578533172607421875,-0.863265097141265869140625,-0.17729894816875457763671875,0.4725869596004486083984375,-0.3852649033069610595703125,-0.3734525144100189208984375,-0.84386265277862548828125,1.265834808349609375,3.703215122222900390625,-1.73567402362823486328125">
        </Bone>
        <Bone refID="42" transformation="0.18514692783355712890625,-0.96736156940460205078125,0.17300917208194732666015625,-0.888264954090118408203125,-0.08943061530590057373046875,0.4505413472652435302734375,-0.420364081859588623046875,-0.23709432780742645263671875,-0.87583124637603759765625,1.3677425384521484375,3.4186687469482421875,-1.65627348423004150390625">
        </Bone>
        <Bone refID="43" transformation="0.077187113463878631591796875,-0.99132061004638671875,0.106421880424022674560546875,-0.8971278667449951171875,-0.02248875610530376434326171875,0.4411981999874114990234375,-0.4349755942821502685546875,-0.1295288503170013427734375,-0.89107716083526611328125,1.42560088634490966796875,3.11636829376220703125,-1.60220813751220703125">
        </Bone>
        <Bone refID="44" transformation="0.0046581164933741092681884765625,-0.99843418598175048828125,0.055744804441928863525390625,-0.898191988468170166015625,0.02032734267413616180419921875,0.439133226871490478515625,-0.4395787715911865234375,-0.05211506783962249755859375,-0.896690845489501953125,1.44972193241119384765625,2.80658054351806640625,-1.5689513683319091796875">
        </Bone>
        <Bone refID="45" transformation="-0.0327717103064060211181640625,-0.999243795871734619140625,0.02092404477298259735107421875,-0.8970406055450439453125,0.0386387072503566741943359375,0.4402557909488677978515625,-0.440731346607208251953125,-0.0043417816050350666046142578125,-0.8976285457611083984375,1.4511775970458984375,2.4945700168609619140625,-1.5515310764312744140625">
        </Bone>
        <Bone refID="46" transformation="-0.035234384238719940185546875,-0.99937689304351806640625,0.00210288935340940952301025390625,-0.89648902416229248046875,0.0325367189943790435791015625,0.441869676113128662109375,-0.4416627585887908935546875,0.01368379034101963043212890625,-0.897076785564422607421875,1.4409363269805908203125,2.1823062896728515625,-1.54499232769012451171875">
        </Bone>
        <Bone refID="47" transformation="0,-1,0,-0.896784842014312744140625,0,0.4424668252468109130859375,-0.4424668252468109130859375,0,-0.896784842014312744140625,1.4299256801605224609375,1.87000095844268798828125,-1.5443351268768310546875">
        </Bone>
        <Bone refID="48" transformation="-0.4424668252468109130859375,0,-0.896784842014312744140625,-0.896784961223602294921875,0,0.4424668848514556884765625,0,1,0,1.42992556095123291015625,0.96000063419342041015625,-1.5443351268768310546875">
        </Bone>
      </Part>
    </Brick>
    <Brick refID="6" designID="15533">
      <Part refID="6" designID="15533" materials="24">
        <Bone refID="49" transformation="0.3364240229129791259765625,0,-0.94171059131622314453125,0,1,0,0.94171059131622314453125,0,0.3364240229129791259765625,0.622508108615875244140625,0,0.71577012538909912109375">
        </Bone>
      </Part>
    </Brick>
  </Bricks>
  <RigidSystems>
    <RigidSystem>
      <Rigid refID="0" transformation="-1,0,0,0,1,0,0,0,-1,-0.399999797344207763671875,0,-2.8000004291534423828125" boneRefs="0"/>
      <Rigid refID="1" transformation="0,1,0,-0.080334998667240142822265625,0,0.996767938137054443359375,0.996767938137054443359375,0,0.080334998667240142822265625,-2.799999713897705078125,0.959999978542327880859375,-2.8000004291534423828125" boneRefs="1"/>
      <Rigid refID="2" transformation="-0.005416476167738437652587890625,0.999891817569732666015625,0.01367581821978092193603515625,-0.08222858607769012451171875,-0.01407505758106708526611328125,0.9965140819549560546875,0.996598780155181884765625,0.00427305139601230621337890625,0.082295931875705718994140625,-2.799999713897705078125,1.87000000476837158203125,-2.8000004291534423828125" boneRefs="2"/>
      <Rigid refID="3" transformation="0.029201544821262359619140625,0.99870765209197998046875,0.041596136987209320068359375,-0.085822887718677520751953125,-0.0389551557600498199462890625,0.995548546314239501953125,0.99588239192962646484375,-0.03264145553112030029296875,0.0845744311809539794921875,-2.8016922473907470703125,2.1824662685394287109375,-2.795726776123046875" boneRefs="3"/>
      <Rigid refID="4" transformation="0.102569587528705596923828125,0.9911327362060546875,0.084470964968204498291015625,-0.0923505127429962158203125,-0.07506389915943145751953125,0.992893159389495849609375,0.9904296398162841796875,-0.109641574323177337646484375,0.083832345902919769287109375,-2.792566776275634765625,2.4945623874664306640625,-2.7827279567718505859375" boneRefs="4"/>
      <Rigid refID="5" transformation="0.21179981529712677001953125,0.966862380504608154296875,0.14254130423069000244140625,-0.104405798017978668212890625,-0.1226310431957244873046875,0.986945331096649169921875,0.971720278263092041015625,-0.2239169776439666748046875,0.074972808361053466796875,-2.760513782501220703125,2.804291248321533203125,-2.7563307285308837890625" boneRefs="5"/>
      <Rigid refID="6" transformation="0.3498913943767547607421875,0.91198956966400146484375,0.21412865817546844482421875,-0.12594509124755859375,-0.1807065904140472412109375,0.97543990612030029296875,0.928285419940948486328125,-0.36826646327972412109375,0.05163292586803436279296875,-2.6943264007568359375,3.1064357757568359375,-2.7117865085601806640625" boneRefs="6"/>
      <Rigid refID="7" transformation="0.503850996494293212890625,0.812049210071563720703125,0.294466078281402587890625,-0.16182397305965423583984375,-0.24612598121166229248046875,0.95563328266143798828125,0.84849703311920166015625,-0.52914845943450927734375,0.0073982202447950839996337890625,-2.584985256195068359375,3.3914325237274169921875,-2.6448714733123779296875" boneRefs="7"/>
      <Rigid refID="8" transformation="0.653569400310516357421875,0.657630264759063720703125,0.3746591508388519287109375,-0.21630521118640899658203125,-0.312073767185211181640625,0.925106465816497802734375,0.725299298763275146484375,-0.6856620311737060546875,-0.0617130212485790252685546875,-2.4275319576263427734375,3.64519786834716796875,-2.5528507232666015625" boneRefs="8"/>
      <Rigid refID="9" transformation="0.775537073612213134765625,0.4493800699710845947265625,0.4433958232402801513671875,-0.2910226285457611083984375,-0.368782222270965576171875,0.88278281688690185546875,0.560221493244171142578125,-0.8136689662933349609375,-0.15522451698780059814453125,-2.2232913970947265625,3.850707530975341796875,-2.4357697963714599609375" boneRefs="9"/>
      <Rigid refID="10" transformation="0.84818112850189208984375,0.20197963714599609375,0.489686667919158935546875,-0.38280117511749267578125,-0.4052544534206390380859375,0.830200016498565673828125,0.36613118648529052734375,-0.891612589359283447265625,-0.266411125659942626953125,-1.98093616962432861328125,3.9911386966705322265625,-2.2972085475921630859375" boneRefs="10"/>
      <Rigid refID="11" transformation="0.860025107860565185546875,-0.0568010397255420684814453125,0.507080256938934326171875,-0.4826233088970184326171875,-0.4131303131580352783203125,0.77226817607879638671875,0.16562460362911224365234375,-0.908898770809173583984375,-0.3827159404754638671875,-1.71587955951690673828125,4.05425739288330078125,-2.1441814899444580078125" boneRefs="11"/>
      <Rigid refID="12" transformation="0.81599223613739013671875,-0.2947906553745269775390625,0.4972476065158843994140625,-0.577826201915740966796875,-0.391342937946319580078125,0.716217517852783203125,-0.01653989218175411224365234375,-0.871750652790069580078125,-0.489670574665069580078125,-1.44712162017822265625,4.036507129669189453125,-1.98571884632110595703125" boneRefs="12"/>
      <Rigid refID="13" transformation="0.7365138530731201171875,-0.48670661449432373046875,0.4697488844394683837890625,-0.6566689014434814453125,-0.347865521907806396484375,0.669160306453704833984375,-0.16227529942989349365234375,-0.8013153076171875,-0.575812876224517822265625,-1.19212400913238525390625,3.9443848133087158203125,-1.83032906055450439453125" boneRefs="13"/>
      <Rigid refID="14" transformation="0.648163259029388427734375,-0.6229193210601806640625,0.4380135238170623779296875,-0.71365773677825927734375,-0.2962274849414825439453125,0.634777009487152099609375,-0.2656632363796234130859375,-0.724030911922454833984375,-0.636555016040802001953125,-0.961963474750518798828125,3.7922890186309814453125,-1.6835324764251708984375" boneRefs="14"/>
      <Rigid refID="15" transformation="0.57497727870941162109375,-0.705552756786346435546875,0.4142419993877410888671875,-0.748978674411773681640625,-0.2501301467418670654296875,0.61356818675994873046875,-0.32929027080535888671875,-0.663046181201934814453125,-0.672263085842132568359375,-0.75941240787506103515625,3.59762668609619140625,-1.54665315151214599609375" boneRefs="15"/>
      <Rigid refID="16" transformation="0.445912063121795654296875,-0.811166346073150634765625,0.37838017940521240234375,-0.800633251667022705078125,-0.17246653139591217041015625,0.573795855045318603515625,-0.400186002254486083984375,-0.558806240558624267578125,-0.726351678371429443359375,-0.57973194122314453125,3.377141475677490234375,-1.41720235347747802734375" boneRefs="16"/>
      <Rigid refID="17" transformation="0.12923061847686767578125,-0.939692556858062744140625,0.316665947437286376953125,-0.883270561695098876953125,0.0360625423491001129150390625,0.4674746692180633544921875,-0.450702250003814697265625,-0.34011375904083251953125,-0.8253424167633056640625,-0.4403844177722930908203125,3.123651981353759765625,-1.29895865917205810546875" boneRefs="17"/>
      <Rigid refID="18" transformation="0,-1,0,-0.8757007122039794921875,0,0.4828542768955230712890625,-0.4828542768955230712890625,0,-0.8757007122039794921875,-0.3999998569488525390625,2.829998016357421875,-1.2000005245208740234375" boneRefs="18,19"/>
      <Rigid refID="19" transformation="0,0,1,0,1,0,-1,0,0,-0.399999797344207763671875,0.9599969387054443359375,-2.8000004291534423828125" boneRefs="20"/>
      <Rigid refID="20" transformation="0.94171059131622314453125,0,0.3364240229129791259765625,0,1,0,-0.3364240229129791259765625,0,0.94171059131622314453125,-0.39999926090240478515625,0,1.19999945163726806640625" boneRefs="21"/>
      <Rigid refID="21" transformation="-0.0085963308811187744140625,0,-0.9999630451202392578125,0,1,0,0.9999630451202392578125,0,-0.0085963308811187744140625,0.3593437373638153076171875,1.22327601909637451171875,2.16411304473876953125" boneRefs="28,29"/>
      <Rigid refID="22" transformation="0.373385846614837646484375,-0.05333267152309417724609375,-0.926141798496246337890625,0.406659603118896484375,0.906721055507659912109375,0.111735679209232330322265625,0.833793103694915771484375,-0.418344974517822265625,0.360245048999786376953125,0.16443617641925811767578125,1.25111567974090576171875,2.6475598812103271484375" boneRefs="27"/>
      <Rigid refID="23" transformation="0.881895959377288818359375,-0.02252191118896007537841796875,-0.4709058105945587158203125,0.3177010118961334228515625,0.766380012035369873046875,0.558325827121734619140625,0.3483182489871978759765625,-0.6419925689697265625,0.683022677898406982421875,-0.2959139645099639892578125,1.262872219085693359375,2.8933732509613037109375" boneRefs="26"/>
      <Rigid refID="24" transformation="0.72630393505096435546875,-0.3971690833568572998046875,0.5610163211822509765625,0.0446204505860805511474609375,0.841694414615631103515625,0.538107335567474365234375,-0.685923874378204345703125,-0.3657967150211334228515625,0.629047870635986328125,-0.6750452518463134765625,1.4701945781707763671875,2.6005227565765380859375" boneRefs="25"/>
      <Rigid refID="25" transformation="0.099175967276096343994140625,-0.72526657581329345703125,0.68128740787506103515625,-0.03600619733333587646484375,0.6815989017486572265625,0.73083961009979248046875,-0.99441826343536376953125,-0.097012288868427276611328125,0.0414841361343860626220703125,-0.7268154621124267578125,1.84878385066986083984375,2.2448902130126953125" boneRefs="24"/>
      <Rigid refID="26" transformation="-0.18878026306629180908203125,-0.6407830715179443359375,0.7441499233245849609375,-0.114451773464679718017578125,0.766967594623565673828125,0.631396472454071044921875,-0.975327014923095703125,0.034025914967060089111328125,-0.2181271016597747802734375,-0.628272235393524169921875,2.183272838592529296875,1.8564436435699462890625" boneRefs="23"/>
      <Rigid refID="27" transformation="-0.3284490108489990234375,0,0.944521725177764892578125,0,1,0,-0.944521725177764892578125,0,-0.3284490108489990234375,-0.3999999463558197021484375,2.183272838592529296875,1.19999992847442626953125" boneRefs="22"/>
      <Rigid refID="28" transformation="0,1,0,-0.15173284709453582763671875,0,0.98842155933380126953125,0.98842155933380126953125,0,0.15173284709453582763671875,-0.3999997675418853759765625,1.9199969768524169921875,-2.8000004291534423828125" boneRefs="30"/>
      <Rigid refID="29" transformation="0.0564927160739898681640625,0.997378826141357421875,0.0452109389007091522216796875,-0.15231187641620635986328125,-0.0361437760293483734130859375,0.987671375274658203125,0.98671662807464599609375,-0.06268240511417388916015625,0.1498707830905914306640625,-0.3999997675418853759765625,2.82999706268310546875,-2.8000004291534423828125" boneRefs="31"/>
      <Rigid refID="30" transformation="0.165314853191375732421875,0.97941315174102783203125,0.11584831774234771728515625,-0.15651105344295501708984375,-0.08992303907871246337890625,0.9835741519927978515625,0.973742902278900146484375,-0.1807309687137603759765625,0.13842336833477020263671875,-0.38234579563140869140625,3.1416778564453125,-2.785871982574462890625" boneRefs="32"/>
      <Rigid refID="31" transformation="0.3210404217243194580078125,0.923646986484527587890625,0.20930682122707366943359375,-0.17022120952606201171875,-0.16113106906414031982421875,0.972142755985260009765625,0.9316425323486328125,-0.347725570201873779296875,0.105494715273380279541015625,-0.3306849002838134765625,3.4477443695068359375,-2.7496693134307861328125" boneRefs="33"/>
      <Rigid refID="32" transformation="0.505620062351226806640625,0.802501857280731201171875,0.3167636096477508544921875,-0.20228682458400726318359375,-0.246647357940673828125,0.9477579593658447265625,0.83870637416839599609375,-0.54328250885009765625,0.0376257002353668212890625,-0.2303597629070281982421875,3.7363841533660888671875,-2.6842610836029052734375" boneRefs="34"/>
      <Rigid refID="33" transformation="0.68428456783294677734375,0.5957434177398681640625,0.420528709888458251953125,-0.2626154422760009765625,-0.3366630077362060546875,0.9042627811431884765625,0.680285036563873291015625,-0.729210376739501953125,-0.07392187416553497314453125,-0.07235349714756011962890625,3.987165927886962890625,-2.585272312164306640625" boneRefs="35"/>
      <Rigid refID="34" transformation="0.811520040035247802734375,0.307684123516082763671875,0.4967552125453948974609375,-0.356754720211029052734375,-0.4123988449573516845703125,0.838244140148162841796875,0.4627756774425506591796875,-0.8574717044830322265625,-0.22490213811397552490234375,0.14148543775081634521484375,4.173336029052734375,-2.4538571834564208984375" boneRefs="36"/>
      <Rigid refID="35" transformation="0.85005033016204833984375,-0.0362733192741870880126953125,0.5254509449005126953125,-0.48289072513580322265625,-0.4520240128040313720703125,0.749993860721588134765625,0.2103116810321807861328125,-0.891267955303192138671875,-0.401759207248687744140625,0.39508545398712158203125,4.269486904144287109375,-2.29862117767333984375" boneRefs="37"/>
      <Rigid refID="36" transformation="0.78940546512603759765625,-0.357055962085723876953125,0.499349653720855712890625,-0.61362707614898681640625,-0.4359858036041259765625,0.65831470489501953125,-0.01734582148492336273193359375,-0.82609164714813232421875,-0.56326878070831298828125,0.66072618961334228515625,4.258151531219482421875,-2.1344177722930908203125" boneRefs="38"/>
      <Rigid refID="37" transformation="0.656493961811065673828125,-0.618198812007904052734375,0.4322567284107208251953125,-0.7285268306732177734375,-0.37101471424102783203125,0.575844347476959228515625,-0.19561271369457244873046875,-0.692948997020721435546875,-0.69394338130950927734375,0.9074153900146484375,4.146571636199951171875,-1.9783709049224853515625" boneRefs="39"/>
      <Rigid refID="38" transformation="0.4904481470584869384765625,-0.80054199695587158203125,0.344373524188995361328125,-0.81238782405853271484375,-0.27696323394775390625,0.513144552707672119140625,-0.315414965152740478515625,-0.531435668468475341796875,-0.786186695098876953125,1.11256968975067138671875,3.9533846378326416015625,-1.84329068660736083984375" boneRefs="40"/>
      <Rigid refID="39" transformation="0.32610476016998291015625,-0.91054832935333251953125,0.2540814578533172607421875,-0.863265097141265869140625,-0.17729894816875457763671875,0.4725869596004486083984375,-0.3852649033069610595703125,-0.3734525144100189208984375,-0.84386265277862548828125,1.265834808349609375,3.703215122222900390625,-1.73567402362823486328125" boneRefs="41"/>
      <Rigid refID="40" transformation="0.18514692783355712890625,-0.96736156940460205078125,0.17300917208194732666015625,-0.888264954090118408203125,-0.08943061530590057373046875,0.4505413472652435302734375,-0.420364081859588623046875,-0.23709432780742645263671875,-0.87583124637603759765625,1.3677425384521484375,3.4186687469482421875,-1.65627348423004150390625" boneRefs="42"/>
      <Rigid refID="41" transformation="0.077187113463878631591796875,-0.99132061004638671875,0.106421880424022674560546875,-0.8971278667449951171875,-0.02248875610530376434326171875,0.4411981999874114990234375,-0.4349755942821502685546875,-0.1295288503170013427734375,-0.89107716083526611328125,1.42560088634490966796875,3.11636829376220703125,-1.60220813751220703125" boneRefs="43"/>
      <Rigid refID="42" transformation="0.0046581164933741092681884765625,-0.99843418598175048828125,0.055744804441928863525390625,-0.898191988468170166015625,0.02032734267413616180419921875,0.439133226871490478515625,-0.4395787715911865234375,-0.05211506783962249755859375,-0.896690845489501953125,1.44972193241119384765625,2.80658054351806640625,-1.5689513683319091796875" boneRefs="44"/>
      <Rigid refID="43" transformation="-0.0327717103064060211181640625,-0.999243795871734619140625,0.02092404477298259735107421875,-0.8970406055450439453125,0.0386387072503566741943359375,0.4402557909488677978515625,-0.440731346607208251953125,-0.0043417816050350666046142578125,-0.8976285457611083984375,1.4511775970458984375,2.4945700168609619140625,-1.5515310764312744140625" boneRefs="45"/>
      <Rigid refID="44" transformation="-0.035234384238719940185546875,-0.99937689304351806640625,0.00210288935340940952301025390625,-0.89648902416229248046875,0.0325367189943790435791015625,0.441869676113128662109375,-0.4416627585887908935546875,0.01368379034101963043212890625,-0.897076785564422607421875,1.4409363269805908203125,2.1823062896728515625,-1.54499232769012451171875" boneRefs="46"/>
      <Rigid refID="45" transformation="0,-1,0,-0.896784842014312744140625,0,0.4424668252468109130859375,-0.4424668252468109130859375,0,-0.896784842014312744140625,1.4299256801605224609375,1.87000095844268798828125,-1.5443351268768310546875" boneRefs="47,48"/>
      <Rigid refID="46" transformation="0.3364240229129791259765625,0,-0.94171059131622314453125,0,1,0,0.94171059131622314453125,0,0.3364240229129791259765625,0.622508108615875244140625,0,0.71577012538909912109375" boneRefs="49"/>
      <Joint type="hinge">
        <RigidRef rigidRef="1" a="1,0,0" z="0,0,1" t="0,0,0"/>
        <RigidRef rigidRef="0" a="0,1,0" z="0,0,1" t="2.3999998569488525390625,0.959999978542327880859375,0"/>
      </Joint>
      <Joint type="hinge">
        <RigidRef rigidRef="19" a="0,1,0" z="0,0,1" t="0,0,0"/>
        <RigidRef rigidRef="0" a="0,1,0" z="0,0,1" t="0,0.959999978542327880859375,0"/>
      </Joint>
      <Joint type="ball">
        <RigidRef rigidRef="2" a="-1,0,0" z="0,0,1" t="0,0,0"/>
        <RigidRef rigidRef="1" a="-1,0,0" z="0,0,1" t="0.910000026226043701171875,0,0"/>
      </Joint>
      <Joint type="ball">
        <RigidRef rigidRef="3" a="-1,0,0" z="0,0,1" t="0,0,0"/>
        <RigidRef rigidRef="2" a="-1,0,0" z="0,0,1" t="0.3125,0,0"/>
      </Joint>
      <Joint type="ball">
        <RigidRef rigidRef="4" a="-1,0,0" z="0,0,1" t="0,0,0"/>
        <RigidRef rigidRef="3" a="-1,0,0" z="0,0,1" t="0.3125,0,0"/>
      </Joint>
      <Joint type="ball">
        <RigidRef rigidRef="5" a="-1,0,0" z="0,0,1" t="0,0,0"/>
        <RigidRef rigidRef="4" a="-1,0,0" z="0,0,1" t="0.3125,0,0"/>
      </Joint>
      <Joint type="ball">
        <RigidRef rigidRef="6" a="-1,0,0" z="0,0,1" t="0,0,0"/>
        <RigidRef rigidRef="5" a="-1,0,0" z="0,0,1" t="0.3125,0,0"/>
      </Joint>
      <Joint type="ball">
        <RigidRef rigidRef="7" a="-1,0,0" z="0,0,1" t="0,0,0"/>
        <RigidRef rigidRef="6" a="-1,0,0" z="0,0,1" t="0.3125,0,0"/>
      </Joint>
      <Joint type="ball">
        <RigidRef rigidRef="8" a="-1,0,0" z="0,0,1" t="0,0,0"/>
        <RigidRef rigidRef="7" a="-1,0,0" z="0,0,1" t="0.3125,0,0"/>
      </Joint>
      <Joint type="ball">
        <RigidRef rigidRef="9" a="-1,0,0" z="0,0,1" t="0,0,0"/>
        <RigidRef rigidRef="8" a="-1,0,0" z="0,0,1" t="0.3125,0,0"/>
      </Joint>
      <Joint type="ball">
        <RigidRef rigidRef="10" a="-1,0,0" z="0,0,1" t="0,0,0"/>
        <RigidRef rigidRef="9" a="-1,0,0" z="0,0,1" t="0.3125,0,0"/>
      </Joint>
      <Joint type="ball">
        <RigidRef rigidRef="11" a="-1,0,0" z="0,0,1" t="0,0,0"/>
        <RigidRef rigidRef="10" a="-1,0,0" z="0,0,1" t="0.3125,0,0"/>
      </Joint>
      <Joint type="ball">
        <RigidRef rigidRef="12" a="-1,0,0" z="0,0,1" t="0,0,0"/>
        <RigidRef rigidRef="11" a="-1,0,0" z="0,0,1" t="0.3125,0,0"/>
      </Joint>
      <Joint type="ball">
        <RigidRef rigidRef="13" a="-1,0,0" z="0,0,1" t="0,0,0"/>
        <RigidRef rigidRef="12" a="-1,0,0" z="0,0,1" t="0.3125,0,0"/>
      </Joint>
      <Joint type="ball">
        <RigidRef rigidRef="14" a="-1,0,0" z="0,0,1" t="0,0,0"/>
        <RigidRef rigidRef="13" a="-1,0,0" z="0,0,1" t="0.3125,0,0"/>
      </Joint>
      <Joint type="ball">
        <RigidRef rigidRef="15" a="-1,0,0" z="0,0,1" t="0,0,0"/>
        <RigidRef rigidRef="14" a="-1,0,0" z="0,0,1" t="0.3125,0,0"/>
      </Joint>
      <Joint type="ball">
        <RigidRef rigidRef="16" a="-1,0,0" z="0,0,1" t="0,0,0"/>
        <RigidRef rigidRef="15" a="-1,0,0" z="0,0,1" t="0.3125,0,0"/>
      </Joint>
      <Joint type="ball">
        <RigidRef rigidRef="17" a="-1,0,0" z="0,0,1" t="0,0,0"/>
        <RigidRef rigidRef="16" a="-1,0,0" z="0,0,1" t="0.3125,0,0"/>
      </Joint>
      <Joint type="ball">
        <RigidRef rigidRef="18" a="-1,0,0" z="0,0,1" t="0,0,0"/>
        <RigidRef rigidRef="17" a="-1,0,0" z="0,0,1" t="0.3125,0,0"/>
      </Joint>
      <Joint type="hinge">
        <RigidRef rigidRef="19" a="0,1,0" z="0,0,1" t="1.60000002384185791015625,0.959999978542327880859375,0"/>
        <RigidRef rigidRef="18" a="-1,0,0" z="0,0,1" t="0.910000979900360107421875,0,0"/>
      </Joint>
      <Joint type="hinge">
        <RigidRef rigidRef="20" a="0,1,0" z="0,0,1" t="0,0.959999978542327880859375,0"/>
        <RigidRef rigidRef="19" a="0,1,0" z="0,0,1" t="4,0,0"/>
      </Joint>
      <Joint type="hinge">
        <RigidRef rigidRef="28" a="1,0,0" z="0,0,1" t="0,0,0"/>
        <RigidRef rigidRef="19" a="0,1,0" z="0,0,1" t="0,0.959999978542327880859375,0"/>
      </Joint>
      <Joint type="hinge">
        <RigidRef rigidRef="27" a="0,1,0" z="1,0,0" t="0,-0.2632760107517242431640625,0"/>
        <RigidRef rigidRef="19" a="0,1,0" z="0,0,1" t="4,0.959999978542327880859375,0"/>
      </Joint>
      <Joint type="hinge">
